   3.28808662499619                1
  0.822020956724418                2
  0.365340980289881                3
  0.205503870546616                4
  0.131522333497970                5
  9.133489587361546E-002           6
  6.710316199890569E-002           7
  5.137584467332965E-002           8
  4.059325238064452E-002           9
  3.288052994308210E-002          10
  2.717398890763540E-002          11
  2.283369721514960E-002          12
  1.945593015202908E-002          13
  1.677577567896137E-002          14
  1.461356400455604E-002          15
  1.284395231373737E-002          16
  1.137734152845630E-002          17
  1.014830748611910E-002          18
  9.108176068515852E-003          19
  8.220128763172616E-003          20
  7.455898996031295E-003          21
  6.793494660310429E-003          22
  6.215598070494541E-003          23
  5.708422477751245E-003          24
  5.260882110101062E-003          25
  4.863981203480929E-003          26
  4.510358396656000E-003          27
  4.193942922330831E-003          28
  3.909692310334739E-003          29
  3.653390240565597E-003          30
