         201
  -189470.0      1.8042017E-09
  -172244.2      2.0795530E-09
  -156584.4      2.4090097E-09
  -142348.2      2.8043412E-09
  -129406.2      3.2800500E-09
  -117640.8      3.8540287E-09
  -106944.9      4.5483857E-09
  -97221.38      5.3904703E-09
  -88381.82      6.4141563E-09
  -80345.86      7.6614466E-09
  -73040.44      9.1844727E-09
  -66399.15      1.1048006E-08
  -60361.61      1.3332588E-08
  -54872.94      1.6138456E-08
  -49883.24      1.9590452E-08
  -45347.15      2.3844176E-08
  -41223.43      2.9093693E-08
  -37474.59      3.5581177E-08
  -34066.56      4.3609020E-08
  -30968.35      5.3555002E-08
  -28151.79      6.5891307E-08
  -25591.29      8.1208356E-08
  -23263.56      1.0024478E-07
  -21147.44      1.2392492E-07
  -19223.70      1.5340594E-07
  -17474.84      1.9013697E-07
  -15884.96      2.3593337E-07
  -14439.63      2.9306989E-07
  -13125.68      3.6439772E-07
  -11931.19      4.5349159E-07
  -10845.29      5.6483429E-07
  -9858.100      7.0404906E-07
  -8960.658      8.7819086E-07
  -8144.803      1.0961132E-06
  -7403.116      1.3689295E-06
  -6728.855      1.7105918E-06
  -6115.891      2.1386209E-06
  -5558.651      2.6750236E-06
  -5052.069      3.3474471E-06
  -4591.540      4.1906328E-06
  -4172.877      5.2482478E-06
  -3792.275      6.5751897E-06
  -3446.272      8.2404940E-06
  -3131.725      1.0331000E-05
  -2845.772      1.2955969E-05
  -2585.816      1.6252923E-05
  -2349.491      2.0395006E-05
  -2134.651      2.5600290E-05
  -1939.342      3.2143533E-05
  -1761.788      4.0371076E-05
  -1600.376      5.0719667E-05
  -1453.637      6.3740343E-05
  -1320.238      8.0128710E-05
  -1198.966      1.0076337E-04
  -1088.719      1.2675481E-04
  -988.4949      1.5950754E-04
  -897.3817      2.0079935E-04
  -814.5516      2.5288237E-04
  -739.2514      3.1861232E-04
  -670.7967      4.0152934E-04
  -608.5652      5.0324126E-04
  -551.9910      6.3773844E-04
  -500.5600      8.0948410E-04
  -453.8046      1.0249657E-03
  -411.2996      1.3057473E-03
  -372.6587      1.6701990E-03
  -337.5306      2.1410736E-03
  -305.5960      2.7532650E-03
  -276.5646      3.5575202E-03
  -250.1723      4.6394723E-03
  -226.1794      6.1748042E-03
  -204.3676      8.4410179E-03
  -184.5387      1.1720326E-02
  -166.5125      1.6719995E-02
  -150.1250      2.4986843E-02
  -135.2273      3.7310336E-02
  -121.6839      5.4051802E-02
  -109.3717      8.4081978E-02
  -98.17881      0.1043790    
  -88.00346      9.1074042E-02
  -78.75315      7.6346353E-02
  -70.34377      6.3724779E-02
  -62.69888      6.2981062E-02
  -55.74898      6.7276895E-02
  -49.43089      7.5648539E-02
  -43.68717      9.2340529E-02
  -38.46561      0.1245744    
  -33.71873      0.1770167    
  -29.40339      0.2700476    
  -25.48036      0.4539331    
  -21.91396      0.8650460    
  -18.67178       1.660702    
  -15.72435       2.926138    
  -13.04486       4.515258    
  -10.60896       6.533155    
  -8.394513       9.093614    
  -6.381375       11.94600    
  -4.551250       14.69883    
  -2.887500       16.93544    
  -1.375000       18.34671    
  0.0000000E+00   18.81154    
   1.375000       18.59591    
   2.887500       17.90508    
   4.551250       16.70842    
   6.381375       15.03508    
   8.394513       12.98560    
   10.60896       10.72566    
   13.04486       8.458282    
   15.72435       6.210884    
   18.67178       4.089856    
   21.91396       2.467310    
   25.48036       1.430245    
   29.40339      0.8401806    
   33.71873      0.4799834    
   38.46561      0.2708660    
   43.68717      0.1507387    
   49.43089      8.3407566E-02
   55.74898      6.2294565E-02
   62.69888      5.7288356E-02
   70.34377      5.0954834E-02
   78.75315      4.1546736E-02
   88.00346      3.2060664E-02
   98.17881      2.4546530E-02
   109.3717      1.9659746E-02
   121.6839      1.6077045E-02
   135.2273      1.2986576E-02
   150.1250      1.0179623E-02
   166.5125      7.8954156E-03
   184.5387      6.1497032E-03
   204.3676      4.7964063E-03
   226.1794      3.7529203E-03
   250.1723      2.9591755E-03
   276.5646      2.3159056E-03
   305.5960      1.7417215E-03
   337.5306      1.3172553E-03
   372.6587      1.0486483E-03
   411.2996      8.4264379E-04
   453.8046      6.7278999E-04
   500.5600      5.3796911E-04
   551.9910      4.2822165E-04
   608.5652      3.4060507E-04
   670.7967      2.7260632E-04
   739.2514      2.1751862E-04
   814.5516      1.7362302E-04
   897.3817      1.3862763E-04
   988.4949      1.1071505E-04
   1088.719      8.8442663E-05
   1198.966      7.0664304E-05
   1320.238      5.6468620E-05
   1453.637      4.5130433E-05
   1600.376      3.6072313E-05
   1761.788      2.8834203E-05
   1939.342      2.3049370E-05
   2134.651      1.8425324E-05
   2349.491      1.4728685E-05
   2585.816      1.1773170E-05
   2845.772      9.4100296E-06
   3131.725      7.5204543E-06
   3446.272      6.0095153E-06
   3792.275      4.8013499E-06
   4172.877      3.8353182E-06
   4591.540      3.0629385E-06
   5052.069      2.4454434E-06
   5558.651      1.9518300E-06
   6115.891      1.5573005E-06
   6728.855      1.2420197E-06
   7403.116      9.9012004E-07
   8144.803      7.8890787E-07
   8960.658      6.2822755E-07
   9858.100      4.9995464E-07
   10845.29      3.9758942E-07
   11931.19      3.1593211E-07
   13125.68      2.5082321E-07
   14439.63      1.9893561E-07
   15884.96      1.5760827E-07
   17474.84      1.2471311E-07
   19223.70      9.8548568E-08
   21147.44      7.7754301E-08
   23263.56      6.1243007E-08
   25591.29      4.8145814E-08
   28151.79      3.7768590E-08
   30968.35      2.9556961E-08
   34066.56      2.3068322E-08
   37474.59      1.7949443E-08
   41223.43      1.3918537E-08
   45347.15      1.0750923E-08
   49883.24      8.2675475E-09
   54872.94      6.3258083E-09
   60361.61      4.8122071E-09
   66399.15      3.6364807E-09
   73040.44      2.7269040E-09
   80345.86      2.0265376E-09
   88381.82      1.4902281E-09
   97221.38      1.0822104E-09
   106944.9      7.7419493E-10
   117640.8      5.4383736E-10
   129406.2      3.7351963E-10
   142348.2      2.4937569E-10
   156584.4      1.6051503E-10
   172244.2      9.8403223E-11
   189470.0      5.6367425E-11
