         201
  -189470.0      1.8047408E-09
  -172244.2      2.0801745E-09
  -156584.4      2.4097293E-09
  -142348.2      2.8051792E-09
  -129406.2      3.2810301E-09
  -117640.8      3.8551806E-09
  -106944.9      4.5497450E-09
  -97221.38      5.3920810E-09
  -88381.82      6.4160730E-09
  -80345.86      7.6637354E-09
  -73040.44      9.1872172E-09
  -66399.15      1.1051308E-08
  -60361.61      1.3336573E-08
  -54872.94      1.6143279E-08
  -49883.24      1.9596307E-08
  -45347.15      2.3851305E-08
  -41223.43      2.9102390E-08
  -37474.59      3.5591814E-08
  -34066.56      4.3622059E-08
  -30968.35      5.3571018E-08
  -28151.79      6.5911010E-08
  -25591.29      8.1232649E-08
  -23263.56      1.0027478E-07
  -21147.44      1.2396201E-07
  -19223.70      1.5345186E-07
  -17474.84      1.9019392E-07
  -15884.96      2.3600407E-07
  -14439.63      2.9315777E-07
  -13125.68      3.6450706E-07
  -11931.19      4.5362776E-07
  -10845.29      5.6500414E-07
  -9858.100      7.0426097E-07
  -8960.658      8.7845558E-07
  -8144.803      1.0964443E-06
  -7403.116      1.3693437E-06
  -6728.855      1.7111108E-06
  -6115.891      2.1392721E-06
  -5558.651      2.6758410E-06
  -5052.069      3.3484748E-06
  -4591.540      4.1919266E-06
  -4172.877      5.2498785E-06
  -3792.275      6.5772492E-06
  -3446.272      8.2430997E-06
  -3131.725      1.0334305E-05
  -2845.772      1.2960170E-05
  -2585.816      1.6258280E-05
  -2349.491      2.0401860E-05
  -2134.651      2.5609090E-05
  -1939.342      3.2154891E-05
  -1761.788      4.0385803E-05
  -1600.376      5.0738872E-05
  -1453.637      6.3765554E-05
  -1320.238      8.0162034E-05
  -1198.966      1.0080777E-04
  -1088.719      1.2681448E-04
  -988.4949      1.5958845E-04
  -897.3817      2.0091012E-04
  -814.5516      2.5303548E-04
  -739.2514      3.1882612E-04
  -670.7967      4.0191205E-04
  -608.5652      5.0370581E-04
  -551.9910      6.3839811E-04
  -500.5600      8.1036572E-04
  -453.8046      1.0263886E-03
  -411.2996      1.3080082E-03
  -372.6587      1.6733584E-03
  -337.5306      2.1462038E-03
  -305.5960      2.7610378E-03
  -276.5646      3.5714505E-03
  -250.1723      4.6635419E-03
  -226.1794      6.2188720E-03
  -204.3676      8.5193729E-03
  -184.5387      1.1870091E-02
  -166.5125      1.7064927E-02
  -150.1250      2.5517041E-02
  -135.2273      3.8039703E-02
  -121.6839      5.6161672E-02
  -109.3717      8.2837924E-02
  -98.17881      9.7798616E-02
  -88.00346      9.0307675E-02
  -78.75315      7.6965161E-02
  -70.34377      6.7574985E-02
  -62.69888      6.5753020E-02
  -55.74898      7.0835121E-02
  -49.43089      8.3816469E-02
  -43.68717      0.1108676    
  -38.46561      0.1678564    
  -33.71873      0.2923891    
  -29.40339      0.5545667    
  -25.48036       1.048400    
  -21.91396       1.860175    
  -18.67178       3.029776    
  -15.72435       4.522615    
  -13.04486       6.236982    
  -10.60896       8.021519    
  -8.394513       9.716086    
  -6.381375       11.20078    
  -4.551250       12.40088    
  -2.887500       13.28954    
  -1.375000       13.88460    
  0.0000000E+00   14.22538    
   1.375000       14.35365    
   2.887500       14.26071    
   4.551250       13.87781    
   6.381375       13.15848    
   8.394513       12.08729    
   10.60896       10.67635    
   13.04486       8.998555    
   15.72435       7.171944    
   18.67178       5.355074    
   21.91396       3.710294    
   25.48036       2.371034    
   29.40339       1.400375    
   33.71873      0.7759754    
   38.46561      0.4139354    
   43.68717      0.2186912    
   49.43089      0.1198029    
   55.74898      7.5473607E-02
   62.69888      5.8721323E-02
   70.34377      5.0338063E-02
   78.75315      4.1751005E-02
   88.00346      3.2774404E-02
   98.17881      2.5268633E-02
   109.3717      1.9986868E-02
   121.6839      1.6207429E-02
   135.2273      1.3059792E-02
   150.1250      1.0261315E-02
   166.5125      7.9611531E-03
   184.5387      6.1892779E-03
   204.3676      4.8227450E-03
   226.1794      3.7695935E-03
   250.1723      2.9687360E-03
   276.5646      2.3203685E-03
   305.5960      1.7476738E-03
   337.5306      1.3221226E-03
   372.6587      1.0504423E-03
   411.2996      8.4386324E-04
   453.8046      6.7360833E-04
   500.5600      5.3850433E-04
   551.9910      4.2862826E-04
   608.5652      3.4089768E-04
   670.7967      2.7280347E-04
   739.2514      2.1765981E-04
   814.5516      1.7372495E-04
   897.3817      1.3870196E-04
   988.4949      1.1076978E-04
   1088.719      8.8483328E-05
   1198.966      7.0694790E-05
   1320.238      5.6491666E-05
   1453.637      4.5147986E-05
   1600.376      3.6085770E-05
   1761.788      2.8844584E-05
   1939.342      2.3057421E-05
   2134.651      1.8431594E-05
   2349.491      1.4733590E-05
   2585.816      1.1777020E-05
   2845.772      9.4130610E-06
   3131.725      7.5228454E-06
   3446.272      6.0114057E-06
   3792.275      4.8028469E-06
   4172.877      3.8365056E-06
   4591.540      3.0638807E-06
   5052.069      2.4461920E-06
   5558.651      1.9524248E-06
   6115.891      1.5577734E-06
   6728.855      1.2423958E-06
   7403.116      9.9041927E-07
   8144.803      7.8914570E-07
   8960.658      6.2841667E-07
   9858.100      5.0010493E-07
   10845.29      3.9770882E-07
   11931.19      3.1602690E-07
   13125.68      2.5089841E-07
   14439.63      1.9899521E-07
   15884.96      1.5765546E-07
   17474.84      1.2475044E-07
   19223.70      9.8578056E-08
   21147.44      7.7777557E-08
   23263.56      6.1261318E-08
   25591.29      4.8160210E-08
   28151.79      3.7779881E-08
   30968.35      2.9565797E-08
   34066.56      2.3075218E-08
   37474.59      1.7954807E-08
   41223.43      1.3922697E-08
   45347.15      1.0754135E-08
   49883.24      8.2700184E-09
   54872.94      6.3276988E-09
   60361.61      4.8136450E-09
   66399.15      3.6375674E-09
   73040.44      2.7277187E-09
   80345.86      2.0271431E-09
   88381.82      1.4906733E-09
   97221.38      1.0825338E-09
   106944.9      7.7442625E-10
   117640.8      5.4399985E-10
   129406.2      3.7363124E-10
   142348.2      2.4945018E-10
   156584.4      1.6056299E-10
   172244.2      9.8432623E-11
   189470.0      5.6384265E-11
