         201
  -189470.0      1.6451576E-08
  -172244.2      1.8970262E-08
  -156584.4      2.1985137E-08
  -142348.2      2.5604427E-08
  -129406.2      2.9961544E-08
  -117640.8      3.5221198E-08
  -106944.9      4.1586986E-08
  -97221.38      4.9310923E-08
  -88381.82      5.8705325E-08
  -80345.86      7.0157654E-08
  -73040.44      8.4149100E-08
  -66399.15      1.0127784E-07
  -60361.61      1.2228816E-07
  -54872.94      1.4810686E-07
  -49883.24      1.7988897E-07
  -45347.15      2.1907493E-07
  -41223.43      2.6746233E-07
  -37474.59      3.2729582E-07
  -34066.56      4.0137991E-07
  -30968.35      4.9322040E-07
  -28151.79      6.0720191E-07
  -25591.29      7.4881058E-07
  -23263.56      9.2491376E-07
  -21147.44      1.1441111E-06
  -19223.70      1.4171751E-06
  -17474.84      1.7576053E-06
  -15884.96      2.1823230E-06
  -14439.63      2.7125457E-06
  -13125.68      3.3748850E-06
  -11931.19      4.2027268E-06
  -10845.29      5.2379655E-06
  -9858.100      6.5331869E-06
  -8960.658      8.1544104E-06
  -8144.803      1.0184541E-05
  -7403.116      1.2727707E-05
  -6728.855      1.5914729E-05
  -6115.891      1.9909994E-05
  -5558.651      2.4920113E-05
  -5052.069      3.1204821E-05
  -4591.540      3.9090726E-05
  -4172.877      4.8988608E-05
  -3792.275      6.1415238E-05
  -3446.272      7.7020915E-05
  -3131.725      9.6624157E-05
  -2845.772      1.2125556E-04
  -2585.816      1.5221309E-04
  -2349.491      1.9113204E-04
  -2134.651      2.4007339E-04
  -1939.342      3.0163568E-04
  -1761.788      3.7909643E-04
  -1600.376      4.7659164E-04
  -1453.637      5.9934304E-04
  -1320.238      7.5394672E-04
  -1198.966      9.4873965E-04
  -1088.719      1.1942660E-03
  -988.4949      1.5038711E-03
  -897.3817      1.8944576E-03
  -814.5516      2.3874533E-03
  -739.2514      3.0100464E-03
  -670.7967      3.7957078E-03
  -608.5652      4.7492855E-03
  -551.9910      6.0315290E-03
  -500.5600      7.6750866E-03
  -453.8046      9.7455112E-03
  -411.2996      1.2572616E-02
  -372.6587      1.6484650E-02
  -337.5306      2.1782393E-02
  -305.5960      2.9131347E-02
  -276.5646      3.8937487E-02
  -250.1723      5.1460471E-02
  -226.1794      6.7677952E-02
  -204.3676      8.8969134E-02
  -184.5387      0.1180243    
  -166.5125      0.1593743    
  -150.1250      0.2250096    
  -135.2273      0.3107673    
  -121.6839      0.4139870    
  -109.3717      0.4622371    
  -98.17881      0.4670846    
  -88.00346      0.3981945    
  -78.75315      0.3522229    
  -70.34377      0.3258806    
  -62.69888      0.3288375    
  -55.74898      0.3600247    
  -49.43089      0.4103182    
  -43.68717      0.4822419    
  -38.46561      0.5818762    
  -33.71873      0.7139667    
  -29.40339      0.8842071    
  -25.48036       1.100937    
  -21.91396       1.384135    
  -18.67178       1.729365    
  -15.72435       2.119151    
  -13.04486       2.530336    
  -10.60896       2.983176    
  -8.394513       3.480082    
  -6.381375       3.993957    
  -4.551250       4.497735    
  -2.887500       4.967391    
  -1.375000       5.384305    
  0.0000000E+00   5.736453    
   1.375000       6.062544    
   2.887500       6.401105    
   4.551250       6.741439    
   6.381375       7.066901    
   8.394513       7.353203    
   10.60896       7.566932    
   13.04486       7.665051    
   15.72435       7.536659    
   18.67178       7.072360    
   21.91396       6.345852    
   25.48036       5.494588    
   29.40339       4.614255    
   33.71873       3.650444    
   38.46561       2.775068    
   43.68717       2.083907    
   49.43089       1.522418    
   55.74898       1.111972    
   62.69888      0.8217644    
   70.34377      0.6074270    
   78.75315      0.4535513    
   88.00346      0.3426519    
   98.17881      0.2599672    
   109.3717      0.1979257    
   121.6839      0.1537454    
   135.2273      0.1197522    
   150.1250      9.3436360E-02
   166.5125      7.3362015E-02
   184.5387      5.7886973E-02
   204.3676      4.5549121E-02
   226.1794      3.5240140E-02
   250.1723      2.7060168E-02
   276.5646      2.0889621E-02
   305.5960      1.6635202E-02
   337.5306      1.3250401E-02
   372.6587      1.0327730E-02
   411.2996      8.0267247E-03
   453.8046      6.2984852E-03
   500.5600      4.9803858E-03
   551.9910      3.9325464E-03
   608.5652      3.1169083E-03
   670.7967      2.5035786E-03
   739.2514      1.9956992E-03
   814.5516      1.5914021E-03
   897.3817      1.2693956E-03
   988.4949      1.0128121E-03
   1088.719      8.0827571E-04
   1198.966      6.4516923E-04
   1320.238      5.1505893E-04
   1453.637      4.1124027E-04
   1600.376      3.2837997E-04
   1761.788      2.6223299E-04
   1939.342      2.0941859E-04
   2134.651      1.6724305E-04
   2349.491      1.3355917E-04
   2585.816      1.0665465E-04
   2845.772      8.5163585E-05
   3131.725      6.7995999E-05
   3446.272      5.4281874E-05
   3792.275      4.3326592E-05
   4172.877      3.4575463E-05
   4591.540      2.7585435E-05
   5052.069      2.2002581E-05
   5558.651      1.7544131E-05
   6115.891      1.3984131E-05
   6728.855      1.1142022E-05
   7403.116      8.8735005E-06
   8144.803      7.0632409E-06
   8960.658      5.6190679E-06
   9858.100      4.4673116E-06
   10845.29      3.5490934E-06
   11931.19      2.8173570E-06
   13125.68      2.2344964E-06
   14439.63      1.7704613E-06
   15884.96      1.4012408E-06
   17474.84      1.1076522E-06
   19223.70      8.7437269E-07
   21147.44      6.8916427E-07
   23263.56      5.4225512E-07
   25591.29      4.2584438E-07
   28151.79      3.3370625E-07
   30968.35      2.6087352E-07
   34066.56      2.0338446E-07
   37474.59      1.5808058E-07
   41223.43      1.2244482E-07
   45347.15      9.4472298E-08
   49883.24      7.2566976E-08
   54872.94      5.5459047E-08
   60361.61      4.2138957E-08
   66399.15      3.1804699E-08
   73040.44      2.3819673E-08
   80345.86      1.7679076E-08
   88381.82      1.2983047E-08
   97221.38      9.4152304E-09
   106944.9      6.7256845E-09
   117640.8      4.7172373E-09
   129406.2      3.2346108E-09
   142348.2      2.1557536E-09
   156584.4      1.3849307E-09
   172244.2      8.4722118E-10
   189470.0      4.8413068E-10
