         201
  -189470.0      1.6452233E-08
  -172244.2      1.8971022E-08
  -156584.4      2.1986017E-08
  -142348.2      2.5605450E-08
  -129406.2      2.9962745E-08
  -117640.8      3.5222605E-08
  -106944.9      4.1588649E-08
  -97221.38      4.9312899E-08
  -88381.82      5.8707677E-08
  -80345.86      7.0160461E-08
  -73040.44      8.4152468E-08
  -66399.15      1.0128190E-07
  -60361.61      1.2229306E-07
  -54872.94      1.4811279E-07
  -49883.24      1.7989618E-07
  -45347.15      2.1908372E-07
  -41223.43      2.6747307E-07
  -37474.59      3.2730898E-07
  -34066.56      4.0139605E-07
  -30968.35      4.9324024E-07
  -28151.79      6.0722635E-07
  -25591.29      7.4884076E-07
  -23263.56      9.2495117E-07
  -21147.44      1.1441574E-06
  -19223.70      1.4172327E-06
  -17474.84      1.7576768E-06
  -15884.96      2.1824121E-06
  -14439.63      2.7126571E-06
  -13125.68      3.3750243E-06
  -11931.19      4.2029014E-06
  -10845.29      5.2381847E-06
  -9858.100      6.5334630E-06
  -8960.658      8.1547587E-06
  -8144.803      1.0184981E-05
  -7403.116      1.2728266E-05
  -6728.855      1.5915441E-05
  -6115.891      1.9910904E-05
  -5558.651      2.4921279E-05
  -5052.069      3.1206328E-05
  -4591.540      3.9092680E-05
  -4172.877      4.8991154E-05
  -3792.275      6.1418585E-05
  -3446.272      7.7025339E-05
  -3131.725      9.6630065E-05
  -2845.772      1.2126351E-04
  -2585.816      1.5222389E-04
  -2349.491      1.9114683E-04
  -2134.651      2.4009387E-04
  -1939.342      3.0166426E-04
  -1761.788      3.7913671E-04
  -1600.376      4.7664894E-04
  -1453.637      5.9942523E-04
  -1320.238      7.5406558E-04
  -1198.966      9.4891281E-04
  -1088.719      1.1945202E-03
  -988.4949      1.5042463E-03
  -897.3817      1.8950147E-03
  -814.5516      2.3882845E-03
  -739.2514      3.0112925E-03
  -670.7967      3.7986026E-03
  -608.5652      4.7525768E-03
  -551.9910      6.0364627E-03
  -500.5600      7.6815221E-03
  -453.8046      9.7582545E-03
  -411.2996      1.2596254E-02
  -372.6587      1.6518489E-02
  -337.5306      2.1843983E-02
  -305.5960      2.9221356E-02
  -276.5646      3.9063241E-02
  -250.1723      5.1665675E-02
  -226.1794      6.7988716E-02
  -204.3676      8.9591660E-02
  -184.5387      0.1191147    
  -166.5125      0.1620170    
  -150.1250      0.2278867    
  -135.2273      0.3141769    
  -121.6839      0.4051626    
  -109.3717      0.4548296    
  -98.17881      0.4499153    
  -88.00346      0.4025230    
  -78.75315      0.3578694    
  -70.34377      0.3366729    
  -62.69888      0.3424821    
  -55.74898      0.3745309    
  -49.43089      0.4310764    
  -43.68717      0.5144126    
  -38.46561      0.6304759    
  -33.71873      0.7872781    
  -29.40339      0.9933562    
  -25.48036       1.254886    
  -21.91396       1.573001    
  -18.67178       1.943110    
  -15.72435       2.355356    
  -13.04486       2.796468    
  -10.60896       3.250405    
  -8.394513       3.700368    
  -6.381375       4.132646    
  -4.551250       4.536070    
  -2.887500       4.903719    
  -1.375000       5.232229    
  0.0000000E+00   5.521074    
   1.375000       5.795559    
   2.887500       6.075975    
   4.551250       6.351331    
   6.381375       6.606063    
   8.394513       6.817948    
   10.60896       6.958513    
   13.04486       6.991995    
   15.72435       6.880551    
   18.67178       6.592229    
   21.91396       6.111812    
   25.48036       5.453666    
   29.40339       4.664467    
   33.71873       3.815666    
   38.46561       2.988646    
   43.68717       2.255078    
   49.43089       1.657292    
   55.74898       1.202611    
   62.69888      0.8734281    
   70.34377      0.6390765    
   78.75315      0.4721921    
   88.00346      0.3530213    
   98.17881      0.2660984    
   109.3717      0.2021305    
   121.6839      0.1558802    
   135.2273      0.1210930    
   150.1250      9.4308816E-02
   166.5125      7.3893368E-02
   184.5387      5.8198798E-02
   204.3676      4.5731287E-02
   226.1794      3.5388183E-02
   250.1723      2.7166603E-02
   276.5646      2.0973243E-02
   305.5960      1.6668228E-02
   337.5306      1.3268032E-02
   372.6587      1.0344191E-02
   411.2996      8.0388961E-03
   453.8046      6.3056299E-03
   500.5600      4.9844654E-03
   551.9910      3.9355690E-03
   608.5652      3.1189430E-03
   670.7967      2.5047455E-03
   739.2514      1.9964832E-03
   814.5516      1.5919278E-03
   897.3817      1.2697498E-03
   988.4949      1.0130521E-03
   1088.719      8.0843916E-04
   1198.966      6.4528128E-04
   1320.238      5.1513623E-04
   1453.637      4.1129405E-04
   1600.376      3.2841769E-04
   1761.788      2.6225965E-04
   1939.342      2.0943761E-04
   2134.651      1.6725675E-04
   2349.491      1.3356912E-04
   2585.816      1.0666195E-04
   2845.772      8.5168991E-05
   3131.725      6.8000030E-05
   3446.272      5.4284908E-05
   3792.275      4.3328895E-05
   4172.877      3.4577221E-05
   4591.540      2.7586784E-05
   5052.069      2.2003624E-05
   5558.651      1.7544939E-05
   6115.891      1.3984761E-05
   6728.855      1.1142513E-05
   7403.116      8.8738852E-06
   8144.803      7.0635429E-06
   8960.658      5.6193053E-06
   9858.100      4.4674985E-06
   10845.29      3.5492408E-06
   11931.19      2.8174732E-06
   13125.68      2.2345880E-06
   14439.63      1.7705336E-06
   15884.96      1.4012977E-06
   17474.84      1.1076971E-06
   19223.70      8.7440804E-07
   21147.44      6.8919206E-07
   23263.56      5.4227695E-07
   25591.29      4.2586151E-07
   28151.79      3.3371967E-07
   30968.35      2.6088398E-07
   34066.56      2.0339262E-07
   37474.59      1.5808692E-07
   41223.43      1.2244972E-07
   45347.15      9.4476086E-08
   49883.24      7.2569883E-08
   54872.94      5.5461264E-08
   60361.61      4.2140645E-08
   66399.15      3.1805971E-08
   73040.44      2.3820625E-08
   80345.86      1.7679785E-08
   88381.82      1.2983566E-08
   97221.38      9.4156070E-09
   106944.9      6.7259536E-09
   117640.8      4.7174260E-09
   129406.2      3.2347403E-09
   142348.2      2.1558397E-09
   156584.4      1.3849860E-09
   172244.2      8.4725504E-10
   189470.0      4.8415000E-10
