Index            R          TAU            V            T           Na        Ne/Na        Xross       Xr/Xes          Gam
    1   9.6371E+01   4.6523E-06   2.5105E-01   3.4080E+00   1.0064E+08   1.0935E+00   7.5279E-07   1.0287E+00   2.8195E-01
    2   9.6254E+01   4.8202E-06   6.9020E-02   4.1111E+00   3.6694E+08   1.0937E+00   2.7391E-06   1.0263E+00   2.8140E-01
    3   9.6156E+01   5.3465E-06   2.0269E-02   4.1111E+00   1.2521E+09   1.0938E+00   9.4086E-06   1.0331E+00   2.8322E-01
    4   9.6066E+01   6.9312E-06   6.5282E-03   4.1111E+00   3.8947E+09   1.0935E+00   2.9486E-05   1.0411E+00   2.8539E-01
    5   9.6009E+01   9.4003E-06   3.1890E-03   4.1111E+00   7.9824E+09   1.0935E+00   6.0789E-05   1.0472E+00   2.8706E-01
    6   9.5968E+01   1.2700E-05   1.8997E-03   4.1111E+00   1.3411E+10   1.0937E+00   1.0264E-04   1.0523E+00   2.8845E-01
    7   9.5933E+01   1.7158E-05   1.2315E-03   4.1111E+00   2.0703E+10   1.0935E+00   1.5912E-04   1.0569E+00   2.8969E-01
    8   9.5902E+01   2.3180E-05   8.3645E-04   4.1111E+00   3.0501E+10   1.0935E+00   2.3549E-04   1.0617E+00   2.9101E-01
    9   9.5874E+01   3.1316E-05   5.8466E-04   4.1111E+00   4.3663E+10   1.0936E+00   3.3861E-04   1.0664E+00   2.9228E-01
   10   9.5847E+01   4.2308E-05   4.1640E-04   4.1112E+00   6.1340E+10   1.0934E+00   4.7792E-04   1.0716E+00   2.9369E-01
   11   9.5820E+01   5.7158E-05   3.0041E-04   4.1112E+00   8.5071E+10   1.0933E+00   6.6598E-04   1.0768E+00   2.9511E-01
   12   9.5795E+01   7.7221E-05   2.1868E-04   4.1112E+00   1.1693E+11   1.0935E+00   9.2039E-04   1.0824E+00   2.9666E-01
   13   9.5770E+01   1.0433E-04   1.6025E-04   4.1113E+00   1.5964E+11   1.0932E+00   1.2634E-03   1.0886E+00   2.9835E-01
   14   9.5745E+01   1.4094E-04   1.1799E-04   4.1113E+00   2.1693E+11   1.0934E+00   1.7270E-03   1.0949E+00   3.0006E-01
   15   9.5721E+01   1.9042E-04   8.7205E-05   4.1114E+00   2.9367E+11   1.0932E+00   2.3534E-03   1.1023E+00   3.0209E-01
   16   9.5696E+01   2.5725E-04   6.4640E-05   4.1115E+00   3.9639E+11   1.0933E+00   3.1982E-03   1.1098E+00   3.0413E-01
   17   9.5672E+01   3.4755E-04   4.8023E-05   4.1116E+00   5.3381E+11   1.0932E+00   4.3407E-03   1.1185E+00   3.0652E-01
   18   9.5648E+01   4.6954E-04   3.5758E-05   4.1118E+00   7.1728E+11   1.0932E+00   5.8845E-03   1.1285E+00   3.0923E-01
   19   9.5624E+01   6.3435E-04   2.6671E-05   4.1121E+00   9.6212E+11   1.0932E+00   7.9616E-03   1.1383E+00   3.1193E-01
   20   9.5600E+01   8.5701E-04   1.9930E-05   4.1124E+00   1.2882E+12   1.0932E+00   1.0786E-02   1.1518E+00   3.1560E-01
   21   9.5576E+01   1.1578E-03   1.4924E-05   4.1129E+00   1.7212E+12   1.0930E+00   1.4584E-02   1.1657E+00   3.1942E-01
   22   9.5553E+01   1.5642E-03   1.1193E-05   4.1135E+00   2.2959E+12   1.0931E+00   1.9712E-02   1.1811E+00   3.2358E-01
   23   9.5529E+01   2.1133E-03   8.4171E-06   4.1143E+00   3.0548E+12   1.0929E+00   2.6683E-02   1.2019E+00   3.2929E-01
   24   9.5505E+01   2.8550E-03   6.3456E-06   4.1155E+00   4.0540E+12   1.0930E+00   3.6028E-02   1.2226E+00   3.3496E-01
   25   9.5481E+01   3.8572E-03   4.7959E-06   4.1170E+00   5.3667E+12   1.0928E+00   4.8713E-02   1.2491E+00   3.4216E-01
   26   9.5457E+01   5.2111E-03   3.6395E-06   4.1191E+00   7.0754E+12   1.0928E+00   6.5882E-02   1.2813E+00   3.5095E-01
   27   9.5433E+01   7.0402E-03   2.7716E-06   4.1218E+00   9.2956E+12   1.0927E+00   8.8717E-02   1.3135E+00   3.5978E-01
   28   9.5410E+01   9.5113E-03   2.1197E-06   4.1256E+00   1.2161E+13   1.0924E+00   1.2000E-01   1.3583E+00   3.7197E-01
   29   9.5386E+01   1.2850E-02   1.6311E-06   4.1307E+00   1.5811E+13   1.0925E+00   1.6176E-01   1.4082E+00   3.8558E-01
   30   9.5362E+01   1.7360E-02   1.2613E-06   4.1375E+00   2.0457E+13   1.0923E+00   2.1679E-01   1.4590E+00   3.9951E-01
   31   9.5338E+01   2.3454E-02   9.8152E-07   4.1466E+00   2.6302E+13   1.0920E+00   2.9193E-01   1.5285E+00   4.1839E-01
   32   9.5313E+01   3.1686E-02   7.7040E-07   4.1589E+00   3.3527E+13   1.0918E+00   3.9047E-01   1.6041E+00   4.3898E-01
   33   9.5289E+01   4.2808E-02   6.0879E-07   4.1752E+00   4.2449E+13   1.0917E+00   5.1733E-01   1.6787E+00   4.5934E-01
   34   9.5264E+01   5.7833E-02   4.8449E-07   4.1971E+00   5.3367E+13   1.0915E+00   6.8560E-01   1.7700E+00   4.8410E-01
   35   9.5238E+01   7.8133E-02   3.8965E-07   4.2260E+00   6.6392E+13   1.0913E+00   9.0237E-01   1.8728E+00   5.1229E-01
   36   9.5211E+01   1.0556E-01   3.1606E-07   4.2642E+00   8.1896E+13   1.0914E+00   1.1686E+00   1.9662E+00   5.3787E-01
   37   9.5184E+01   1.4261E-01   2.5788E-07   4.3143E+00   1.0043E+14   1.0917E+00   1.4981E+00   2.0547E+00   5.6230E-01
   38   9.5154E+01   1.9266E-01   2.1217E-07   4.3792E+00   1.2214E+14   1.0917E+00   1.9179E+00   2.1629E+00   5.9183E-01
   39   9.5123E+01   2.6029E-01   1.7591E-07   4.4627E+00   1.4742E+14   1.0917E+00   2.4065E+00   2.2486E+00   6.1532E-01
   40   9.5089E+01   3.5165E-01   1.4616E-07   4.5684E+00   1.7755E+14   1.0918E+00   2.9699E+00   2.3040E+00   6.3060E-01
   41   9.5052E+01   4.7509E-01   1.2105E-07   4.7005E+00   2.1455E+14   1.0921E+00   3.6339E+00   2.3322E+00   6.3837E-01
   42   9.5011E+01   6.4184E-01   9.9887E-08   4.8630E+00   2.6023E+14   1.0924E+00   4.4838E+00   2.3718E+00   6.4973E-01
   43   9.4966E+01   8.6713E-01   8.2254E-08   5.0596E+00   3.1632E+14   1.0926E+00   5.4877E+00   2.3878E+00   6.5308E-01
   44   9.4916E+01   1.1715E+00   6.7012E-08   5.2934E+00   3.8867E+14   1.0928E+00   6.6471E+00   2.3533E+00   6.4477E-01
   45   9.4861E+01   1.5827E+00   5.3550E-08   5.5669E+00   4.8694E+14   1.0931E+00   8.2021E+00   2.3171E+00   6.3513E-01
   46   9.4801E+01   2.1382E+00   4.2584E-08   5.8823E+00   6.1312E+14   1.0932E+00   1.0265E+01   2.3030E+00   6.3140E-01
   47   9.4736E+01   2.8888E+00   3.3435E-08   6.2411E+00   7.8195E+14   1.0934E+00   1.2784E+01   2.2483E+00   6.1623E-01
   48   9.4666E+01   3.9027E+00   2.5863E-08   6.6448E+00   1.0124E+15   1.0935E+00   1.6055E+01   2.1809E+00   5.9782E-01
   49   9.4591E+01   5.2726E+00   1.9861E-08   7.0947E+00   1.3204E+15   1.0936E+00   2.0677E+01   2.1533E+00   5.9024E-01
   50   9.4513E+01   7.1233E+00   1.5220E-08   7.5922E+00   1.7259E+15   1.0938E+00   2.6184E+01   2.0856E+00   5.7179E-01
   51   9.4430E+01   9.6236E+00   1.1582E-08   8.1392E+00   2.2720E+15   1.0939E+00   3.3992E+01   2.0567E+00   5.6389E-01
   52   9.4343E+01   1.3001E+01   8.8722E-09   8.7376E+00   2.9714E+15   1.0940E+00   4.3972E+01   2.0340E+00   5.5769E-01
   53   9.4253E+01   1.7565E+01   6.8374E-09   9.3900E+00   3.8630E+15   1.0942E+00   5.6458E+01   2.0085E+00   5.5086E-01
   54   9.4158E+01   2.3730E+01   5.2752E-09   1.0099E+01   5.0172E+15   1.0943E+00   7.3076E+01   2.0015E+00   5.4914E-01
   55   9.4058E+01   3.2060E+01   4.1169E-09   1.0869E+01   6.4424E+15   1.0944E+00   9.3847E+01   2.0016E+00   5.4896E-01
   56   9.3953E+01   4.3313E+01   3.2295E-09   1.1702E+01   8.2309E+15   1.0945E+00   1.1936E+02   1.9925E+00   5.4662E-01
   57   9.3841E+01   5.8570E+01   2.5297E-09   1.2606E+01   1.0533E+16   1.0946E+00   1.5132E+02   1.9737E+00   5.4157E-01
   58   9.3724E+01   7.8846E+01   1.9921E-09   1.3569E+01   1.3409E+16   1.0946E+00   1.9176E+02   1.9646E+00   5.3911E-01
   59   9.3647E+01   9.4660E+01   1.7182E-09   1.4199E+01   1.5572E+16   1.0946E+00   2.2005E+02   1.9413E+00   5.3265E-01
   60   9.3624E+01   1.0000E+02   1.6425E-09   1.4393E+01   1.6298E+16   1.0947E+00   2.2929E+02   1.9326E+00   5.3032E-01
