 Index            R          Tau           Na        Ne/Na            T        Kross       Kr/Kes        Gamma
     1   9.5770E+01   4.5937E-06   1.0000E+08   1.0935E+00   3.4080E+00   3.4966E-01   1.0286E+00   2.8194E-01
     2   9.5757E+01   4.6026E-06   9.7611E+07   1.0940E+00   4.1111E+00   3.4713E-01   1.0208E+00   2.7990E-01
     3   9.5741E+01   4.6149E-06   1.1885E+08   1.0939E+00   4.1111E+00   3.4739E-01   1.0215E+00   2.8011E-01
     4   9.5726E+01   4.6300E-06   1.4472E+08   1.0939E+00   4.1111E+00   3.4764E-01   1.0223E+00   2.8032E-01
     5   9.5710E+01   4.6484E-06   1.7623E+08   1.0939E+00   4.1111E+00   3.4790E-01   1.0231E+00   2.8052E-01
     6   9.5695E+01   4.6708E-06   2.1462E+08   1.0939E+00   4.1111E+00   3.4816E-01   1.0239E+00   2.8073E-01
     7   9.5679E+01   4.6981E-06   2.6138E+08   1.0938E+00   4.1111E+00   3.4846E-01   1.0248E+00   2.8098E-01
     8   9.5664E+01   4.7314E-06   3.1836E+08   1.0938E+00   4.1111E+00   3.4877E-01   1.0257E+00   2.8122E-01
     9   9.5649E+01   4.7720E-06   3.8777E+08   1.0938E+00   4.1111E+00   3.4907E-01   1.0266E+00   2.8147E-01
    10   9.5633E+01   4.8215E-06   4.7236E+08   1.0938E+00   4.1111E+00   3.4938E-01   1.0275E+00   2.8172E-01
    11   9.5618E+01   4.8819E-06   5.7542E+08   1.0938E+00   4.1111E+00   3.4974E-01   1.0286E+00   2.8201E-01
    12   9.5602E+01   4.9556E-06   7.0102E+08   1.0938E+00   4.1111E+00   3.5010E-01   1.0297E+00   2.8230E-01
    13   9.5587E+01   5.0455E-06   8.5408E+08   1.0938E+00   4.1111E+00   3.5047E-01   1.0308E+00   2.8259E-01
    14   9.5571E+01   5.1552E-06   1.0406E+09   1.0938E+00   4.1111E+00   3.5084E-01   1.0319E+00   2.8290E-01
    15   9.5556E+01   5.2891E-06   1.2680E+09   1.0937E+00   4.1111E+00   3.5127E-01   1.0331E+00   2.8324E-01
    16   9.5540E+01   5.4525E-06   1.5452E+09   1.0937E+00   4.1111E+00   3.5170E-01   1.0344E+00   2.8359E-01
    17   9.5525E+01   5.6520E-06   1.8830E+09   1.0937E+00   4.1111E+00   3.5213E-01   1.0357E+00   2.8393E-01
    18   9.5509E+01   5.8955E-06   2.2949E+09   1.0937E+00   4.1111E+00   3.5258E-01   1.0370E+00   2.8430E-01
    19   9.5494E+01   6.1929E-06   2.7970E+09   1.0937E+00   4.1111E+00   3.5308E-01   1.0385E+00   2.8470E-01
    20   9.5478E+01   6.5560E-06   3.4092E+09   1.0937E+00   4.1111E+00   3.5359E-01   1.0401E+00   2.8511E-01
    21   9.5463E+01   6.9995E-06   4.1557E+09   1.0936E+00   4.1111E+00   3.5410E-01   1.0416E+00   2.8552E-01
    22   9.5447E+01   7.5413E-06   5.0659E+09   1.0936E+00   4.1111E+00   3.5465E-01   1.0432E+00   2.8596E-01
    23   9.5431E+01   8.2032E-06   6.1759E+09   1.0936E+00   4.1111E+00   3.5524E-01   1.0449E+00   2.8644E-01
    24   9.5416E+01   9.0121E-06   7.5294E+09   1.0936E+00   4.1111E+00   3.5584E-01   1.0467E+00   2.8692E-01
    25   9.5400E+01   1.0001E-05   9.1803E+09   1.0936E+00   4.1111E+00   3.5644E-01   1.0485E+00   2.8741E-01
    26   9.5385E+01   1.1209E-05   1.1194E+10   1.0936E+00   4.1111E+00   3.5709E-01   1.0504E+00   2.8793E-01
    27   9.5369E+01   1.2686E-05   1.3650E+10   1.0936E+00   4.1111E+00   3.5779E-01   1.0525E+00   2.8850E-01
    28   9.5354E+01   1.4492E-05   1.6646E+10   1.0935E+00   4.1111E+00   3.5849E-01   1.0546E+00   2.8906E-01
    29   9.5338E+01   1.6701E-05   2.0301E+10   1.0935E+00   4.1111E+00   3.5919E-01   1.0566E+00   2.8962E-01
    30   9.5322E+01   1.9402E-05   2.4759E+10   1.0935E+00   4.1111E+00   3.6000E-01   1.0590E+00   2.9028E-01
    31   9.5307E+01   2.2708E-05   3.0199E+10   1.0935E+00   4.1111E+00   3.6086E-01   1.0616E+00   2.9097E-01
    32   9.5291E+01   2.6754E-05   3.6835E+10   1.0935E+00   4.1111E+00   3.6172E-01   1.0641E+00   2.9167E-01
    33   9.5275E+01   3.1706E-05   4.4934E+10   1.0935E+00   4.1111E+00   3.6259E-01   1.0667E+00   2.9237E-01
    34   9.5260E+01   3.7768E-05   5.4815E+10   1.0935E+00   4.1111E+00   3.6363E-01   1.0698E+00   2.9321E-01
    35   9.5244E+01   4.5194E-05   6.6874E+10   1.0934E+00   4.1112E+00   3.6470E-01   1.0729E+00   2.9407E-01
    36   9.5228E+01   5.4292E-05   8.1590E+10   1.0934E+00   4.1112E+00   3.6578E-01   1.0761E+00   2.9494E-01
    37   9.5212E+01   6.5439E-05   9.9551E+10   1.0934E+00   4.1112E+00   3.6686E-01   1.0793E+00   2.9581E-01
    38   9.5197E+01   7.9101E-05   1.2147E+11   1.0934E+00   4.1112E+00   3.6818E-01   1.0832E+00   2.9687E-01
    39   9.5181E+01   9.5857E-05   1.4823E+11   1.0934E+00   4.1112E+00   3.6950E-01   1.0871E+00   2.9794E-01
    40   9.5165E+01   1.1641E-04   1.8089E+11   1.0934E+00   4.1113E+00   3.7084E-01   1.0911E+00   2.9902E-01
    41   9.5149E+01   1.4162E-04   2.2076E+11   1.0934E+00   4.1113E+00   3.7222E-01   1.0951E+00   3.0014E-01
    42   9.5133E+01   1.7257E-04   2.6942E+11   1.0933E+00   4.1114E+00   3.7391E-01   1.1001E+00   3.0150E-01
    43   9.5117E+01   2.1059E-04   3.2884E+11   1.0933E+00   4.1114E+00   3.7560E-01   1.1051E+00   3.0286E-01
    44   9.5101E+01   2.5729E-04   4.0138E+11   1.0933E+00   4.1115E+00   3.7731E-01   1.1102E+00   3.0424E-01
    45   9.5085E+01   3.1468E-04   4.8995E+11   1.0933E+00   4.1116E+00   3.7917E-01   1.1157E+00   3.0573E-01
    46   9.5069E+01   3.8528E-04   5.9807E+11   1.0933E+00   4.1117E+00   3.8143E-01   1.1223E+00   3.0756E-01
    47   9.5053E+01   4.7220E-04   7.3009E+11   1.0932E+00   4.1118E+00   3.8370E-01   1.1291E+00   3.0939E-01
    48   9.5037E+01   5.7923E-04   8.9131E+11   1.0932E+00   4.1120E+00   3.8599E-01   1.1358E+00   3.1124E-01
    49   9.5021E+01   7.1106E-04   1.0882E+12   1.0932E+00   4.1122E+00   3.8868E-01   1.1437E+00   3.1341E-01
    50   9.5005E+01   8.7380E-04   1.3285E+12   1.0932E+00   4.1124E+00   3.9191E-01   1.1533E+00   3.1601E-01
    51   9.4989E+01   1.0749E-03   1.6219E+12   1.0931E+00   4.1127E+00   3.9516E-01   1.1629E+00   3.1863E-01
    52   9.4972E+01   1.3235E-03   1.9803E+12   1.0931E+00   4.1131E+00   3.9844E-01   1.1726E+00   3.2127E-01
    53   9.4956E+01   1.6308E-03   2.4178E+12   1.0931E+00   4.1136E+00   4.0264E-01   1.1850E+00   3.2466E-01
    54   9.4940E+01   2.0126E-03   2.9516E+12   1.0930E+00   4.1142E+00   4.0754E-01   1.1994E+00   3.2861E-01
    55   9.4923E+01   2.4870E-03   3.6034E+12   1.0930E+00   4.1149E+00   4.1249E-01   1.2141E+00   3.3260E-01
    56   9.4906E+01   3.0770E-03   4.3993E+12   1.0929E+00   4.1158E+00   4.1748E-01   1.2288E+00   3.3663E-01
    57   9.4890E+01   3.8117E-03   5.3700E+12   1.0929E+00   4.1169E+00   4.2446E-01   1.2494E+00   3.4226E-01
    58   9.4873E+01   4.7329E-03   6.5538E+12   1.0928E+00   4.1183E+00   4.3223E-01   1.2724E+00   3.4853E-01
    59   9.4856E+01   5.8890E-03   7.9983E+12   1.0927E+00   4.1201E+00   4.4011E-01   1.2957E+00   3.5488E-01
    60   9.4838E+01   7.3403E-03   9.7605E+12   1.0927E+00   4.1223E+00   4.4807E-01   1.3192E+00   3.6130E-01
    61   9.4821E+01   9.1695E-03   1.1905E+13   1.0925E+00   4.1251E+00   4.6002E-01   1.3545E+00   3.7093E-01
    62   9.4803E+01   1.1498E-02   1.4516E+13   1.0924E+00   4.1286E+00   4.7270E-01   1.3920E+00   3.8116E-01
    63   9.4785E+01   1.4466E-02   1.7695E+13   1.0923E+00   4.1331E+00   4.8556E-01   1.4300E+00   3.9152E-01
    64   9.4767E+01   1.8248E-02   2.1565E+13   1.0922E+00   4.1388E+00   4.9860E-01   1.4685E+00   4.0204E-01
    65   9.4748E+01   2.3103E-02   2.6248E+13   1.0920E+00   4.1461E+00   5.1883E-01   1.5284E+00   4.1835E-01
    66   9.4729E+01   2.9430E-02   3.1927E+13   1.0918E+00   4.1555E+00   5.3935E-01   1.5891E+00   4.3490E-01
    67   9.4709E+01   3.7677E-02   3.8806E+13   1.0917E+00   4.1677E+00   5.5996E-01   1.6500E+00   4.5152E-01
    68   9.4689E+01   4.8420E-02   4.7123E+13   1.0916E+00   4.1834E+00   5.8131E-01   1.7131E+00   4.6873E-01
    69   9.4667E+01   6.2551E-02   5.7071E+13   1.0914E+00   4.2039E+00   6.1173E-01   1.8031E+00   4.9326E-01
    70   9.4645E+01   8.1482E-02   6.8997E+13   1.0913E+00   4.2308E+00   6.4161E-01   1.8914E+00   5.1736E-01
    71   9.4621E+01   1.0678E-01   8.3245E+13   1.0913E+00   4.2659E+00   6.7004E-01   1.9750E+00   5.4027E-01
    72   9.4596E+01   1.4040E-01   1.0020E+14   1.0916E+00   4.3113E+00   6.9647E-01   2.0524E+00   5.6159E-01
    73   9.4570E+01   1.8519E-01   1.2002E+14   1.0917E+00   4.3697E+00   7.3169E-01   2.1560E+00   5.8999E-01
    74   9.4541E+01   2.4589E-01   1.4334E+14   1.0917E+00   4.4453E+00   7.6042E-01   2.2408E+00   6.1315E-01
    75   9.4510E+01   3.2652E-01   1.7073E+14   1.0918E+00   4.5400E+00   7.8043E-01   2.2995E+00   6.2929E-01
    76   9.4477E+01   4.3078E-01   2.0294E+14   1.0920E+00   4.6544E+00   7.9040E-01   2.3285E+00   6.3733E-01
    77   9.4442E+01   5.6206E-01   2.4051E+14   1.0923E+00   4.7874E+00   8.0237E-01   2.3630E+00   6.4698E-01
    78   9.4405E+01   7.2857E-01   2.8413E+14   1.0926E+00   4.9415E+00   8.1184E-01   2.3903E+00   6.5462E-01
    79   9.4367E+01   9.3755E-01   3.3515E+14   1.0927E+00   5.1166E+00   8.1194E-01   2.3903E+00   6.5470E-01
    80   9.4327E+01   1.1911E+00   3.9564E+14   1.0929E+00   5.3074E+00   8.0082E-01   2.3571E+00   6.4573E-01
    81   9.4286E+01   1.4886E+00   4.6750E+14   1.0931E+00   5.5079E+00   7.8927E-01   2.3227E+00   6.3642E-01
    82   9.4245E+01   1.8425E+00   5.4981E+14   1.0932E+00   5.7209E+00   7.9072E-01   2.3268E+00   6.3758E-01
    83   9.4203E+01   2.2739E+00   6.4707E+14   1.0933E+00   5.9521E+00   7.8126E-01   2.2988E+00   6.2996E-01
    84   9.4159E+01   2.7832E+00   7.6254E+14   1.0934E+00   6.1943E+00   7.6847E-01   2.2609E+00   6.1964E-01
    85   9.4115E+01   3.3814E+00   8.9816E+14   1.0935E+00   6.4467E+00   7.5407E-01   2.2184E+00   6.0803E-01
    86   9.4071E+01   4.0785E+00   1.0590E+15   1.0935E+00   6.7077E+00   7.4100E-01   2.1798E+00   5.9749E-01
    87   9.4026E+01   4.9014E+00   1.2460E+15   1.0936E+00   6.9812E+00   7.3661E-01   2.1667E+00   5.9395E-01
    88   9.3979E+01   5.8937E+00   1.4648E+15   1.0937E+00   7.2732E+00   7.2783E-01   2.1407E+00   5.8687E-01
    89   9.3932E+01   7.0680E+00   1.7245E+15   1.0938E+00   7.5787E+00   7.1099E-01   2.0910E+00   5.7330E-01
    90   9.3884E+01   8.4371E+00   2.0286E+15   1.0939E+00   7.8938E+00   7.0271E-01   2.0665E+00   5.6662E-01
    91   9.3835E+01   1.0075E+01   2.3829E+15   1.0939E+00   8.2269E+00   7.0023E-01   2.0591E+00   5.6462E-01
    92   9.3783E+01   1.2058E+01   2.7983E+15   1.0940E+00   8.5829E+00   6.9376E-01   2.0399E+00   5.5940E-01
    93   9.3731E+01   1.4449E+01   3.2802E+15   1.0941E+00   8.9602E+00   6.9266E-01   2.0366E+00   5.5851E-01
    94   9.3676E+01   1.7350E+01   3.8467E+15   1.0942E+00   9.3622E+00   6.8498E-01   2.0139E+00   5.5232E-01
    95   9.3619E+01   2.0812E+01   4.5137E+15   1.0942E+00   9.7826E+00   6.7852E-01   1.9947E+00   5.4712E-01
    96   9.3561E+01   2.5009E+01   5.2800E+15   1.0943E+00   1.0229E+01   6.8342E-01   2.0090E+00   5.5106E-01
    97   9.3499E+01   3.0202E+01   6.1752E+15   1.0944E+00   1.0711E+01   6.8224E-01   2.0054E+00   5.5011E-01
    98   9.3435E+01   3.6541E+01   7.2178E+15   1.0944E+00   1.1223E+01   6.8225E-01   2.0054E+00   5.5012E-01
    99   9.3368E+01   4.4287E+01   8.4382E+15   1.0945E+00   1.1766E+01   6.7898E-01   1.9957E+00   5.4749E-01
   100   9.3297E+01   5.3662E+01   9.8726E+15   1.0945E+00   1.2337E+01   6.7268E-01   1.9770E+00   5.4240E-01
   101   9.3224E+01   6.4981E+01   1.1542E+16   1.0946E+00   1.2934E+01   6.7334E-01   1.9789E+00   5.4294E-01
   102   9.3148E+01   7.8850E+01   1.3498E+16   1.0946E+00   1.3569E+01   6.7020E-01   1.9697E+00   5.4040E-01
   103   9.3068E+01   9.5629E+01   1.5807E+16   1.0946E+00   1.4235E+01   6.6175E-01   1.9449E+00   5.3359E-01
   104   9.2986E+01   1.1565E+02   1.8540E+16   1.0945E+00   1.4923E+01   6.5033E-01   1.9113E+00   5.2438E-01

 

 Index            R          Tau           Na        Ne/Na            T        Kross       Kr/Kes        Gamma
     1   9.6352E+01   4.6503E-06   1.0062E+08   1.0935E+00   3.4080E+00   3.4967E-01   1.0287E+00   2.8195E-01
     2   9.6339E+01   4.6592E-06   9.8019E+07   1.0940E+00   4.1111E+00   3.4714E-01   1.0208E+00   2.7991E-01
     3   9.6324E+01   4.6716E-06   1.1906E+08   1.0939E+00   4.1111E+00   3.4739E-01   1.0215E+00   2.8011E-01
     4   9.6308E+01   4.6867E-06   1.4464E+08   1.0939E+00   4.1111E+00   3.4764E-01   1.0223E+00   2.8032E-01
     5   9.6293E+01   4.7051E-06   1.7571E+08   1.0939E+00   4.1111E+00   3.4790E-01   1.0231E+00   2.8052E-01
     6   9.6277E+01   4.7274E-06   2.1348E+08   1.0939E+00   4.1111E+00   3.4815E-01   1.0239E+00   2.8073E-01
     7   9.6262E+01   4.7545E-06   2.5938E+08   1.0938E+00   4.1111E+00   3.4845E-01   1.0248E+00   2.8097E-01
     8   9.6246E+01   4.7875E-06   3.1517E+08   1.0938E+00   4.1111E+00   3.4875E-01   1.0256E+00   2.8121E-01
     9   9.6231E+01   4.8276E-06   3.8298E+08   1.0938E+00   4.1111E+00   3.4905E-01   1.0265E+00   2.8145E-01
    10   9.6215E+01   4.8765E-06   4.6540E+08   1.0938E+00   4.1111E+00   3.4935E-01   1.0275E+00   2.8170E-01
    11   9.6200E+01   4.9359E-06   5.6560E+08   1.0938E+00   4.1111E+00   3.4971E-01   1.0285E+00   2.8198E-01
    12   9.6184E+01   5.0083E-06   6.8741E+08   1.0938E+00   4.1111E+00   3.5007E-01   1.0296E+00   2.8227E-01
    13   9.6169E+01   5.0963E-06   8.3551E+08   1.0938E+00   4.1111E+00   3.5043E-01   1.0306E+00   2.8256E-01
    14   9.6154E+01   5.2035E-06   1.0156E+09   1.0938E+00   4.1111E+00   3.5079E-01   1.0317E+00   2.8285E-01
    15   9.6138E+01   5.3339E-06   1.2345E+09   1.0937E+00   4.1111E+00   3.5121E-01   1.0330E+00   2.8319E-01
    16   9.6123E+01   5.4928E-06   1.5008E+09   1.0937E+00   4.1111E+00   3.5163E-01   1.0342E+00   2.8353E-01
    17   9.6107E+01   5.6863E-06   1.8246E+09   1.0937E+00   4.1111E+00   3.5206E-01   1.0355E+00   2.8388E-01
    18   9.6092E+01   5.9219E-06   2.2184E+09   1.0937E+00   4.1111E+00   3.5249E-01   1.0368E+00   2.8423E-01
    19   9.6076E+01   6.2088E-06   2.6973E+09   1.0937E+00   4.1111E+00   3.5299E-01   1.0383E+00   2.8463E-01
    20   9.6060E+01   6.5585E-06   3.2798E+09   1.0937E+00   4.1111E+00   3.5349E-01   1.0398E+00   2.8503E-01
    21   9.6045E+01   6.9845E-06   3.9884E+09   1.0936E+00   4.1111E+00   3.5399E-01   1.0412E+00   2.8544E-01
    22   9.6029E+01   7.5036E-06   4.8504E+09   1.0936E+00   4.1111E+00   3.5452E-01   1.0428E+00   2.8586E-01
    23   9.6014E+01   8.1362E-06   5.8989E+09   1.0936E+00   4.1111E+00   3.5510E-01   1.0445E+00   2.8633E-01
    24   9.5998E+01   8.9074E-06   7.1746E+09   1.0936E+00   4.1111E+00   3.5569E-01   1.0463E+00   2.8681E-01
    25   9.5983E+01   9.8476E-06   8.7267E+09   1.0936E+00   4.1111E+00   3.5628E-01   1.0480E+00   2.8728E-01
    26   9.5967E+01   1.0994E-05   1.0615E+10   1.0936E+00   4.1111E+00   3.5690E-01   1.0498E+00   2.8778E-01
    27   9.5951E+01   1.2392E-05   1.2913E+10   1.0936E+00   4.1111E+00   3.5759E-01   1.0519E+00   2.8834E-01
    28   9.5936E+01   1.4097E-05   1.5710E+10   1.0935E+00   4.1111E+00   3.5828E-01   1.0540E+00   2.8889E-01
    29   9.5920E+01   1.6178E-05   1.9113E+10   1.0935E+00   4.1111E+00   3.5897E-01   1.0560E+00   2.8945E-01
    30   9.5905E+01   1.8716E-05   2.3255E+10   1.0935E+00   4.1111E+00   3.5973E-01   1.0582E+00   2.9006E-01
    31   9.5889E+01   2.1813E-05   2.8296E+10   1.0935E+00   4.1111E+00   3.6058E-01   1.0608E+00   2.9075E-01
    32   9.5873E+01   2.5595E-05   3.4432E+10   1.0935E+00   4.1111E+00   3.6143E-01   1.0633E+00   2.9143E-01
    33   9.5858E+01   3.0213E-05   4.1901E+10   1.0935E+00   4.1111E+00   3.6229E-01   1.0658E+00   2.9212E-01
    34   9.5842E+01   3.5851E-05   5.0993E+10   1.0935E+00   4.1111E+00   3.6324E-01   1.0686E+00   2.9289E-01
    35   9.5826E+01   4.2740E-05   6.2061E+10   1.0934E+00   4.1112E+00   3.6430E-01   1.0718E+00   2.9375E-01
    36   9.5810E+01   5.1160E-05   7.5537E+10   1.0934E+00   4.1112E+00   3.6536E-01   1.0749E+00   2.9460E-01
    37   9.5795E+01   6.1450E-05   9.1943E+10   1.0934E+00   4.1112E+00   3.6642E-01   1.0780E+00   2.9546E-01
    38   9.5779E+01   7.4028E-05   1.1192E+11   1.0934E+00   4.1112E+00   3.6763E-01   1.0816E+00   2.9643E-01
    39   9.5763E+01   8.9415E-05   1.3624E+11   1.0934E+00   4.1112E+00   3.6894E-01   1.0855E+00   2.9749E-01
    40   9.5747E+01   1.0824E-04   1.6586E+11   1.0934E+00   4.1113E+00   3.7026E-01   1.0893E+00   2.9855E-01
    41   9.5732E+01   1.3128E-04   2.0193E+11   1.0934E+00   4.1113E+00   3.7158E-01   1.0932E+00   2.9962E-01
    42   9.5716E+01   1.5948E-04   2.4586E+11   1.0934E+00   4.1113E+00   3.7313E-01   1.0978E+00   3.0087E-01
    43   9.5700E+01   1.9402E-04   2.9935E+11   1.0933E+00   4.1114E+00   3.7480E-01   1.1028E+00   3.0222E-01
    44   9.5684E+01   2.3635E-04   3.6451E+11   1.0933E+00   4.1115E+00   3.7648E-01   1.1077E+00   3.0357E-01
    45   9.5668E+01   2.8824E-04   4.4388E+11   1.0933E+00   4.1115E+00   3.7817E-01   1.1127E+00   3.0493E-01
    46   9.5652E+01   3.5185E-04   5.4054E+11   1.0933E+00   4.1116E+00   3.8028E-01   1.1189E+00   3.0663E-01
    47   9.5636E+01   4.2997E-04   6.5827E+11   1.0933E+00   4.1117E+00   3.8252E-01   1.1256E+00   3.0844E-01
    48   9.5620E+01   5.2591E-04   8.0168E+11   1.0932E+00   4.1119E+00   3.8478E-01   1.1322E+00   3.1026E-01
    49   9.5604E+01   6.4377E-04   9.7640E+11   1.0932E+00   4.1121E+00   3.8704E-01   1.1389E+00   3.1209E-01
    50   9.5588E+01   7.8868E-04   1.1892E+12   1.0932E+00   4.1123E+00   3.9011E-01   1.1480E+00   3.1456E-01
    51   9.5571E+01   9.6727E-04   1.4483E+12   1.0931E+00   4.1126E+00   3.9331E-01   1.1574E+00   3.1714E-01
    52   9.5555E+01   1.1874E-03   1.7641E+12   1.0931E+00   4.1129E+00   3.9654E-01   1.1669E+00   3.1974E-01
    53   9.5539E+01   1.4588E-03   2.1488E+12   1.0931E+00   4.1133E+00   3.9978E-01   1.1765E+00   3.2236E-01
    54   9.5522E+01   1.7940E-03   2.6169E+12   1.0930E+00   4.1138E+00   4.0457E-01   1.1907E+00   3.2622E-01
    55   9.5506E+01   2.2096E-03   3.1872E+12   1.0930E+00   4.1145E+00   4.0943E-01   1.2050E+00   3.3014E-01
    56   9.5489E+01   2.7249E-03   3.8819E+12   1.0929E+00   4.1153E+00   4.1434E-01   1.2195E+00   3.3410E-01
    57   9.5473E+01   3.3639E-03   4.7279E+12   1.0929E+00   4.1162E+00   4.1954E-01   1.2349E+00   3.3829E-01
    58   9.5456E+01   4.1596E-03   5.7566E+12   1.0928E+00   4.1175E+00   4.2715E-01   1.2574E+00   3.4443E-01
    59   9.5439E+01   5.1554E-03   7.0089E+12   1.0928E+00   4.1190E+00   4.3487E-01   1.2802E+00   3.5065E-01
    60   9.5422E+01   6.4019E-03   8.5333E+12   1.0927E+00   4.1209E+00   4.4268E-01   1.3032E+00   3.5695E-01
    61   9.5404E+01   7.9630E-03   1.0388E+13   1.0926E+00   4.1233E+00   4.5143E-01   1.3291E+00   3.6401E-01
    62   9.5387E+01   9.9321E-03   1.2638E+13   1.0925E+00   4.1262E+00   4.6381E-01   1.3657E+00   3.7398E-01
    63   9.5369E+01   1.2434E-02   1.5373E+13   1.0924E+00   4.1300E+00   4.7639E-01   1.4029E+00   3.8413E-01
    64   9.5351E+01   1.5613E-02   1.8695E+13   1.0923E+00   4.1348E+00   4.8912E-01   1.4405E+00   3.9439E-01
    65   9.5332E+01   1.9656E-02   2.2726E+13   1.0922E+00   4.1409E+00   5.0392E-01   1.4843E+00   4.0633E-01
    66   9.5314E+01   2.4857E-02   2.7592E+13   1.0920E+00   4.1487E+00   5.2397E-01   1.5436E+00   4.2250E-01
    67   9.5294E+01   3.1616E-02   3.3479E+13   1.0918E+00   4.1588E+00   5.4427E-01   1.6036E+00   4.3887E-01
    68   9.5274E+01   4.0395E-02   4.0590E+13   1.0917E+00   4.1717E+00   5.6459E-01   1.6637E+00   4.5525E-01
    69   9.5254E+01   5.1802E-02   4.9158E+13   1.0915E+00   4.1883E+00   5.8787E-01   1.7325E+00   4.7402E-01
    70   9.5232E+01   6.6847E-02   5.9380E+13   1.0913E+00   4.2100E+00   6.1780E-01   1.8210E+00   4.9815E-01
    71   9.5209E+01   8.6920E-02   7.1599E+13   1.0913E+00   4.2384E+00   6.4702E-01   1.9073E+00   5.2171E-01
    72   9.5185E+01   1.1362E-01   8.6154E+13   1.0914E+00   4.2753E+00   6.7459E-01   1.9883E+00   5.4395E-01
    73   9.5160E+01   1.4896E-01   1.0341E+14   1.0917E+00   4.3227E+00   7.0237E-01   2.0697E+00   5.6634E-01
    74   9.5133E+01   1.9609E-01   1.2355E+14   1.0917E+00   4.3836E+00   7.3602E-01   2.1688E+00   5.9348E-01
    75   9.5104E+01   2.5951E-01   1.4718E+14   1.0917E+00   4.4617E+00   7.6292E-01   2.2481E+00   6.1517E-01
    76   9.5073E+01   3.4310E-01   1.7487E+14   1.0918E+00   4.5588E+00   7.8103E-01   2.3012E+00   6.2977E-01
    77   9.5040E+01   4.5031E-01   2.0740E+14   1.0920E+00   4.6749E+00   7.8926E-01   2.3250E+00   6.3641E-01
    78   9.5005E+01   5.8448E-01   2.4509E+14   1.0924E+00   4.8090E+00   8.0150E-01   2.3603E+00   6.4628E-01
    79   9.4968E+01   7.5424E-01   2.8884E+14   1.0926E+00   4.9640E+00   8.1044E-01   2.3862E+00   6.5349E-01
    80   9.4929E+01   9.6617E-01   3.4005E+14   1.0927E+00   5.1392E+00   8.0922E-01   2.3822E+00   6.5250E-01
    81   9.4890E+01   1.2217E+00   4.0068E+14   1.0929E+00   5.3290E+00   7.9728E-01   2.3467E+00   6.4287E-01
    82   9.4849E+01   1.5202E+00   4.7246E+14   1.0931E+00   5.5279E+00   7.8790E-01   2.3187E+00   6.3531E-01
    83   9.4808E+01   1.8768E+00   5.5460E+14   1.0932E+00   5.7403E+00   7.8835E-01   2.3199E+00   6.3568E-01
    84   9.4766E+01   2.3093E+00   6.5149E+14   1.0933E+00   5.9699E+00   7.7837E-01   2.2903E+00   6.2763E-01
    85   9.4722E+01   2.8180E+00   7.6618E+14   1.0934E+00   6.2099E+00   7.6610E-01   2.2540E+00   6.1774E-01
    86   9.4678E+01   3.4151E+00   9.0069E+14   1.0935E+00   6.4601E+00   7.5161E-01   2.2112E+00   6.0605E-01
    87   9.4634E+01   4.1090E+00   1.0599E+15   1.0935E+00   6.7185E+00   7.3866E-01   2.1729E+00   5.9560E-01
    88   9.4589E+01   4.9269E+00   1.2445E+15   1.0936E+00   6.9892E+00   7.3465E-01   2.1610E+00   5.9237E-01
    89   9.4543E+01   5.9117E+00   1.4602E+15   1.0937E+00   7.2782E+00   7.2594E-01   2.1352E+00   5.8535E-01
    90   9.4495E+01   7.0746E+00   1.7156E+15   1.0938E+00   7.5803E+00   7.0937E-01   2.0863E+00   5.7199E-01
    91   9.4448E+01   8.4285E+00   2.0141E+15   1.0939E+00   7.8919E+00   7.0134E-01   2.0625E+00   5.6552E-01
    92   9.4399E+01   1.0044E+01   2.3618E+15   1.0939E+00   8.2210E+00   6.9849E-01   2.0540E+00   5.6321E-01
    93   9.4348E+01   1.1996E+01   2.7682E+15   1.0940E+00   8.5723E+00   6.9203E-01   2.0348E+00   5.5801E-01
    94   9.4295E+01   1.4342E+01   3.2387E+15   1.0941E+00   8.9443E+00   6.9129E-01   2.0326E+00   5.5741E-01
    95   9.4241E+01   1.7186E+01   3.7906E+15   1.0942E+00   9.3409E+00   6.8408E-01   2.0112E+00   5.5160E-01
    96   9.4184E+01   2.0575E+01   4.4397E+15   1.0942E+00   9.7556E+00   6.7737E-01   1.9914E+00   5.4619E-01
    97   9.4126E+01   2.4668E+01   5.1857E+15   1.0943E+00   1.0195E+01   6.8151E-01   2.0034E+00   5.4953E-01
    98   9.4065E+01   2.9716E+01   6.0538E+15   1.0944E+00   1.0669E+01   6.8074E-01   2.0010E+00   5.4890E-01
    99   9.4001E+01   3.5869E+01   7.0634E+15   1.0944E+00   1.1172E+01   6.8082E-01   2.0012E+00   5.4897E-01
   100   9.3934E+01   4.3374E+01   8.2420E+15   1.0945E+00   1.1706E+01   6.7795E-01   1.9926E+00   5.4665E-01
   101   9.3864E+01   5.2445E+01   9.6240E+15   1.0945E+00   1.2267E+01   6.7150E-01   1.9736E+00   5.4146E-01
   102   9.3792E+01   6.3354E+01   1.1234E+16   1.0946E+00   1.2854E+01   6.7160E-01   1.9738E+00   5.4153E-01
   103   9.3716E+01   7.6684E+01   1.3112E+16   1.0946E+00   1.3476E+01   6.6936E-01   1.9672E+00   5.3973E-01
   104   9.3637E+01   9.2817E+01   1.5324E+16   1.0946E+00   1.4129E+01   6.6161E-01   1.9445E+00   5.3348E-01
   105   9.3555E+01   1.1206E+02   1.7934E+16   1.0945E+00   1.4806E+01   6.5085E-01   1.9129E+00   5.2481E-01

 

 Index            R          Tau           Na        Ne/Na            T        Kross       Kr/Kes        Gamma
     1   9.6371E+01   4.6523E-06   1.0064E+08   1.0935E+00   3.4080E+00   3.4967E-01   1.0287E+00   2.8195E-01
     2   9.6359E+01   4.6611E-06   9.8033E+07   1.0940E+00   4.1111E+00   3.4714E-01   1.0208E+00   2.7991E-01
     3   9.6343E+01   4.6736E-06   1.1907E+08   1.0939E+00   4.1111E+00   3.4739E-01   1.0215E+00   2.8011E-01
     4   9.6328E+01   4.6886E-06   1.4464E+08   1.0939E+00   4.1111E+00   3.4764E-01   1.0223E+00   2.8032E-01
     5   9.6312E+01   4.7070E-06   1.7570E+08   1.0939E+00   4.1111E+00   3.4790E-01   1.0231E+00   2.8052E-01
     6   9.6297E+01   4.7293E-06   2.1344E+08   1.0939E+00   4.1111E+00   3.4815E-01   1.0239E+00   2.8073E-01
     7   9.6281E+01   4.7564E-06   2.5931E+08   1.0938E+00   4.1111E+00   3.4845E-01   1.0248E+00   2.8097E-01
     8   9.6266E+01   4.7894E-06   3.1506E+08   1.0938E+00   4.1111E+00   3.4875E-01   1.0256E+00   2.8121E-01
     9   9.6250E+01   4.8295E-06   3.8282E+08   1.0938E+00   4.1111E+00   3.4905E-01   1.0265E+00   2.8145E-01
    10   9.6235E+01   4.8783E-06   4.6517E+08   1.0938E+00   4.1111E+00   3.4935E-01   1.0274E+00   2.8170E-01
    11   9.6220E+01   4.9378E-06   5.6528E+08   1.0938E+00   4.1111E+00   3.4971E-01   1.0285E+00   2.8198E-01
    12   9.6204E+01   5.0100E-06   6.8697E+08   1.0938E+00   4.1111E+00   3.5007E-01   1.0296E+00   2.8227E-01
    13   9.6189E+01   5.0980E-06   8.3490E+08   1.0938E+00   4.1111E+00   3.5042E-01   1.0306E+00   2.8256E-01
    14   9.6173E+01   5.2051E-06   1.0148E+09   1.0938E+00   4.1111E+00   3.5079E-01   1.0317E+00   2.8285E-01
    15   9.6158E+01   5.3355E-06   1.2334E+09   1.0937E+00   4.1111E+00   3.5121E-01   1.0330E+00   2.8319E-01
    16   9.6142E+01   5.4942E-06   1.4993E+09   1.0937E+00   4.1111E+00   3.5163E-01   1.0342E+00   2.8353E-01
    17   9.6127E+01   5.6874E-06   1.8227E+09   1.0937E+00   4.1111E+00   3.5205E-01   1.0355E+00   2.8387E-01
    18   9.6111E+01   5.9228E-06   2.2159E+09   1.0937E+00   4.1111E+00   3.5249E-01   1.0368E+00   2.8422E-01
    19   9.6096E+01   6.2094E-06   2.6940E+09   1.0937E+00   4.1111E+00   3.5299E-01   1.0383E+00   2.8463E-01
    20   9.6080E+01   6.5586E-06   3.2756E+09   1.0937E+00   4.1111E+00   3.5349E-01   1.0397E+00   2.8503E-01
    21   9.6065E+01   6.9840E-06   3.9829E+09   1.0936E+00   4.1111E+00   3.5399E-01   1.0412E+00   2.8543E-01
    22   9.6049E+01   7.5024E-06   4.8433E+09   1.0936E+00   4.1111E+00   3.5451E-01   1.0428E+00   2.8585E-01
    23   9.6033E+01   8.1341E-06   5.8899E+09   1.0936E+00   4.1111E+00   3.5510E-01   1.0445E+00   2.8633E-01
    24   9.6018E+01   8.9041E-06   7.1631E+09   1.0936E+00   4.1111E+00   3.5569E-01   1.0463E+00   2.8680E-01
    25   9.6002E+01   9.8427E-06   8.7120E+09   1.0936E+00   4.1111E+00   3.5628E-01   1.0480E+00   2.8728E-01
    26   9.5987E+01   1.0987E-05   1.0596E+10   1.0936E+00   4.1111E+00   3.5690E-01   1.0498E+00   2.8778E-01
    27   9.5971E+01   1.2382E-05   1.2889E+10   1.0936E+00   4.1111E+00   3.5758E-01   1.0519E+00   2.8833E-01
    28   9.5955E+01   1.4085E-05   1.5680E+10   1.0935E+00   4.1111E+00   3.5827E-01   1.0539E+00   2.8889E-01
    29   9.5940E+01   1.6161E-05   1.9075E+10   1.0935E+00   4.1111E+00   3.5897E-01   1.0560E+00   2.8945E-01
    30   9.5924E+01   1.8693E-05   2.3207E+10   1.0935E+00   4.1111E+00   3.5972E-01   1.0582E+00   2.9005E-01
    31   9.5909E+01   2.1785E-05   2.8235E+10   1.0935E+00   4.1111E+00   3.6057E-01   1.0607E+00   2.9074E-01
    32   9.5893E+01   2.5558E-05   3.4355E+10   1.0935E+00   4.1111E+00   3.6142E-01   1.0632E+00   2.9143E-01
    33   9.5877E+01   3.0165E-05   4.1804E+10   1.0935E+00   4.1111E+00   3.6228E-01   1.0658E+00   2.9212E-01
    34   9.5862E+01   3.5790E-05   5.0871E+10   1.0935E+00   4.1111E+00   3.6323E-01   1.0686E+00   2.9288E-01
    35   9.5846E+01   4.2662E-05   6.1907E+10   1.0934E+00   4.1112E+00   3.6428E-01   1.0717E+00   2.9373E-01
    36   9.5830E+01   5.1059E-05   7.5343E+10   1.0934E+00   4.1112E+00   3.6535E-01   1.0748E+00   2.9459E-01
    37   9.5814E+01   6.1322E-05   9.1700E+10   1.0934E+00   4.1112E+00   3.6641E-01   1.0780E+00   2.9545E-01
    38   9.5799E+01   7.3866E-05   1.1161E+11   1.0934E+00   4.1112E+00   3.6761E-01   1.0815E+00   2.9642E-01
    39   9.5783E+01   8.9209E-05   1.3586E+11   1.0934E+00   4.1112E+00   3.6892E-01   1.0854E+00   2.9748E-01
    40   9.5767E+01   1.0798E-04   1.6538E+11   1.0934E+00   4.1113E+00   3.7024E-01   1.0893E+00   2.9854E-01
    41   9.5751E+01   1.3095E-04   2.0133E+11   1.0934E+00   4.1113E+00   3.7156E-01   1.0932E+00   2.9960E-01
    42   9.5735E+01   1.5906E-04   2.4511E+11   1.0934E+00   4.1113E+00   3.7311E-01   1.0978E+00   3.0085E-01
    43   9.5719E+01   1.9349E-04   2.9842E+11   1.0933E+00   4.1114E+00   3.7478E-01   1.1027E+00   3.0220E-01
    44   9.5703E+01   2.3569E-04   3.6334E+11   1.0933E+00   4.1115E+00   3.7646E-01   1.1077E+00   3.0355E-01
    45   9.5687E+01   2.8740E-04   4.4242E+11   1.0933E+00   4.1115E+00   3.7814E-01   1.1126E+00   3.0491E-01
    46   9.5672E+01   3.5079E-04   5.3872E+11   1.0933E+00   4.1116E+00   3.8024E-01   1.1188E+00   3.0660E-01
    47   9.5655E+01   4.2863E-04   6.5600E+11   1.0933E+00   4.1117E+00   3.8248E-01   1.1254E+00   3.0841E-01
    48   9.5639E+01   5.2423E-04   7.9886E+11   1.0932E+00   4.1119E+00   3.8473E-01   1.1321E+00   3.1023E-01
    49   9.5623E+01   6.4164E-04   9.7288E+11   1.0932E+00   4.1121E+00   3.8700E-01   1.1388E+00   3.1205E-01
    50   9.5607E+01   7.8600E-04   1.1848E+12   1.0932E+00   4.1123E+00   3.9005E-01   1.1478E+00   3.1451E-01
    51   9.5591E+01   9.6388E-04   1.4429E+12   1.0931E+00   4.1126E+00   3.9325E-01   1.1572E+00   3.1709E-01
    52   9.5575E+01   1.1831E-03   1.7573E+12   1.0931E+00   4.1129E+00   3.9647E-01   1.1668E+00   3.1969E-01
    53   9.5558E+01   1.4534E-03   2.1403E+12   1.0931E+00   4.1133E+00   3.9972E-01   1.1763E+00   3.2231E-01
    54   9.5542E+01   1.7872E-03   2.6065E+12   1.0930E+00   4.1138E+00   4.0448E-01   1.1904E+00   3.2614E-01
    55   9.5525E+01   2.2009E-03   3.1742E+12   1.0930E+00   4.1145E+00   4.0933E-01   1.2047E+00   3.3006E-01
    56   9.5509E+01   2.7139E-03   3.8657E+12   1.0930E+00   4.1152E+00   4.1424E-01   1.2192E+00   3.3401E-01
    57   9.5492E+01   3.3500E-03   4.7079E+12   1.0929E+00   4.1162E+00   4.1938E-01   1.2344E+00   3.3816E-01
    58   9.5475E+01   4.1418E-03   5.7318E+12   1.0928E+00   4.1174E+00   4.2699E-01   1.2569E+00   3.4429E-01
    59   9.5458E+01   5.1327E-03   6.9782E+12   1.0928E+00   4.1189E+00   4.3470E-01   1.2797E+00   3.5051E-01
    60   9.5441E+01   6.3729E-03   8.4951E+12   1.0927E+00   4.1208E+00   4.4250E-01   1.3027E+00   3.5681E-01
    61   9.5424E+01   7.9259E-03   1.0341E+13   1.0926E+00   4.1232E+00   4.5115E-01   1.3283E+00   3.6378E-01
    62   9.5406E+01   9.8840E-03   1.2580E+13   1.0925E+00   4.1262E+00   4.6351E-01   1.3648E+00   3.7375E-01
    63   9.5389E+01   1.2371E-02   1.5301E+13   1.0924E+00   4.1299E+00   4.7608E-01   1.4020E+00   3.8388E-01
    64   9.5371E+01   1.5532E-02   1.8606E+13   1.0923E+00   4.1347E+00   4.8881E-01   1.4396E+00   3.9414E-01
    65   9.5352E+01   1.9551E-02   2.2617E+13   1.0922E+00   4.1408E+00   5.0342E-01   1.4828E+00   4.0593E-01
    66   9.5333E+01   2.4719E-02   2.7457E+13   1.0920E+00   4.1485E+00   5.2346E-01   1.5421E+00   4.2208E-01
    67   9.5314E+01   3.1432E-02   3.3313E+13   1.0918E+00   4.1585E+00   5.4375E-01   1.6021E+00   4.3844E-01
    68   9.5294E+01   4.0153E-02   4.0387E+13   1.0917E+00   4.1713E+00   5.6406E-01   1.6621E+00   4.5482E-01
    69   9.5273E+01   5.1481E-02   4.8910E+13   1.0915E+00   4.1879E+00   5.8707E-01   1.7302E+00   4.7337E-01
    70   9.5252E+01   6.6409E-02   5.9079E+13   1.0914E+00   4.2094E+00   6.1699E-01   1.8186E+00   4.9750E-01
    71   9.5229E+01   8.6326E-02   7.1235E+13   1.0913E+00   4.2376E+00   6.4622E-01   1.9049E+00   5.2107E-01
    72   9.5205E+01   1.1282E-01   8.5714E+13   1.0914E+00   4.2742E+00   6.7384E-01   1.9861E+00   5.4334E-01
    73   9.5180E+01   1.4788E-01   1.0288E+14   1.0917E+00   4.3213E+00   7.0131E-01   2.0666E+00   5.6549E-01
    74   9.5153E+01   1.9460E-01   1.2292E+14   1.0917E+00   4.3817E+00   7.3510E-01   2.1661E+00   5.9274E-01
    75   9.5124E+01   2.5748E-01   1.4643E+14   1.0917E+00   4.4593E+00   7.6221E-01   2.2460E+00   6.1460E-01
    76   9.5093E+01   3.4042E-01   1.7398E+14   1.0918E+00   4.5558E+00   7.8058E-01   2.2999E+00   6.2941E-01
    77   9.5060E+01   4.4687E-01   2.0634E+14   1.0920E+00   4.6713E+00   7.8910E-01   2.3245E+00   6.3628E-01
    78   9.5025E+01   5.8014E-01   2.4388E+14   1.0924E+00   4.8048E+00   8.0117E-01   2.3593E+00   6.4601E-01
    79   9.4988E+01   7.4870E-01   2.8742E+14   1.0926E+00   4.9592E+00   8.1024E-01   2.3856E+00   6.5332E-01
    80   9.4950E+01   9.5927E-01   3.3835E+14   1.0927E+00   5.1338E+00   8.0936E-01   2.3827E+00   6.5262E-01
    81   9.4910E+01   1.2134E+00   3.9864E+14   1.0929E+00   5.3232E+00   7.9771E-01   2.3479E+00   6.4322E-01
    82   9.4870E+01   1.5105E+00   4.7003E+14   1.0931E+00   5.5218E+00   7.8757E-01   2.3177E+00   6.3504E-01
    83   9.4829E+01   1.8645E+00   5.5171E+14   1.0932E+00   5.7334E+00   7.8842E-01   2.3201E+00   6.3573E-01
    84   9.4786E+01   2.2944E+00   6.4802E+14   1.0933E+00   5.9624E+00   7.7876E-01   2.2914E+00   6.2794E-01
    85   9.4743E+01   2.8004E+00   7.6207E+14   1.0934E+00   6.2020E+00   7.6640E-01   2.2549E+00   6.1798E-01
    86   9.4699E+01   3.3942E+00   8.9577E+14   1.0935E+00   6.4518E+00   7.5212E-01   2.2127E+00   6.0646E-01
    87   9.4655E+01   4.0846E+00   1.0540E+15   1.0935E+00   6.7099E+00   7.3884E-01   2.1734E+00   5.9575E-01
    88   9.4610E+01   4.8972E+00   1.2377E+15   1.0936E+00   6.9799E+00   7.3472E-01   2.1612E+00   5.9243E-01
    89   9.4563E+01   5.8756E+00   1.4520E+15   1.0937E+00   7.2682E+00   7.2631E-01   2.1363E+00   5.8565E-01
    90   9.4516E+01   7.0320E+00   1.7058E+15   1.0938E+00   7.5699E+00   7.1000E-01   2.0881E+00   5.7250E-01
    91   9.4468E+01   8.3784E+00   2.0027E+15   1.0939E+00   7.8810E+00   7.0161E-01   2.0633E+00   5.6573E-01
    92   9.4419E+01   9.9832E+00   2.3486E+15   1.0939E+00   8.2093E+00   6.9857E-01   2.0542E+00   5.6328E-01
    93   9.4368E+01   1.1922E+01   2.7525E+15   1.0940E+00   8.5597E+00   6.9187E-01   2.0344E+00   5.5788E-01
    94   9.4316E+01   1.4251E+01   3.2202E+15   1.0941E+00   8.9307E+00   6.9139E-01   2.0328E+00   5.5749E-01
    95   9.4261E+01   1.7076E+01   3.7686E+15   1.0942E+00   9.3263E+00   6.8440E-01   2.0122E+00   5.5186E-01
    96   9.4205E+01   2.0443E+01   4.4136E+15   1.0942E+00   9.7404E+00   6.7742E-01   1.9915E+00   5.4623E-01
    97   9.4147E+01   2.4504E+01   5.1555E+15   1.0943E+00   1.0178E+01   6.8137E-01   2.0030E+00   5.4941E-01
    98   9.4086E+01   2.9513E+01   6.0182E+15   1.0944E+00   1.0651E+01   6.8082E-01   2.0012E+00   5.4897E-01
    99   9.4022E+01   3.5620E+01   7.0218E+15   1.0944E+00   1.1153E+01   6.8081E-01   2.0011E+00   5.4896E-01
   100   9.3955E+01   4.3068E+01   8.1929E+15   1.0945E+00   1.1686E+01   6.7805E-01   1.9929E+00   5.4674E-01
   101   9.3886E+01   5.2073E+01   9.5656E+15   1.0945E+00   1.2246E+01   6.7176E-01   1.9744E+00   5.4166E-01
   102   9.3814E+01   6.2901E+01   1.1166E+16   1.0945E+00   1.2831E+01   6.7156E-01   1.9737E+00   5.4150E-01
   103   9.3738E+01   7.6126E+01   1.3032E+16   1.0946E+00   1.3452E+01   6.6953E-01   1.9677E+00   5.3986E-01
   104   9.3659E+01   9.2141E+01   1.5229E+16   1.0946E+00   1.4104E+01   6.6191E-01   1.9453E+00   5.3372E-01
   105   9.3577E+01   1.1125E+02   1.7820E+16   1.0945E+00   1.4780E+01   6.5127E-01   1.9141E+00   5.2514E-01
