!
! Note: The effective temperature and surface gravity are defined
! at the reference radius, which (except when using the old
! velocity) is the location where Tau=2/3.
!
! Effective temperature (10^4 K) is:    4.544000E+00
!      Log surface gravity (cgs) is:    4.000000E+00
!         Core radius (10^10 cm) is:    9.362376E+01
!    Reference radius (10^10 cm) is:    9.500000E+01
!              Luminosity (Lsun) is:    7.096903E+05
!            Mass (Msun) of star is:    6.800142E+01
!       Mass loss rate (Msun/yr) is:    1.000000E-12
!         Mean atomic mass (amu) is:    1.288270E+00
!            Eddington parameter is:    2.506577E-01
!                   Atom density is:    1.006369E+08
! Ratio of inner to outer radius is:    1.02934795
!
      60          !Number of depth points
!
!   R(10^10cm)       V(km/s)         Sigma           Tau     Index
   96.37142301  2.510469E-01  8.132771E+02  4.652256E-06         1
   96.25384960  6.902037E-02  1.358990E+03  4.820155E-06         2
   96.15643178  2.026869E-02  1.445256E+03  5.346485E-06         3
   96.06628690  6.528152E-03  1.395790E+03  6.931186E-06         4
   96.00921637  3.188973E-03  1.283743E+03  9.400304E-06         5
   95.96790884  1.899739E-03  1.248533E+03  1.269984E-05         6
   95.93330459  1.231511E-03  1.234541E+03  1.715753E-05         7
   95.90238953  8.364516E-04  1.226592E+03  2.317987E-05         8
   95.87373173  5.846552E-04  1.221173E+03  3.131608E-05         9
   95.84654197  4.164037E-04  1.216966E+03  4.230813E-05        10
   95.82034307  3.004083E-04  1.213341E+03  5.715842E-05        11
   95.79482555  2.186795E-04  1.210018E+03  7.722121E-05        12
   95.76979780  1.602506E-04  1.206733E+03  1.043261E-04        13
   95.74510725  1.179943E-04  1.203509E+03  1.409449E-04        14
   95.72066526  8.720541E-05  1.200065E+03  1.904170E-04        15
   95.69640075  6.464018E-05  1.196406E+03  2.572540E-04        16
   95.67225741  4.802319E-05  1.192391E+03  3.475510E-04        17
   95.64821497  3.575753E-05  1.187798E+03  4.695426E-04        18
   95.62423117  2.667141E-05  1.182841E+03  6.343535E-04        19
   95.60029596  1.993016E-05  1.176965E+03  8.570137E-04        20
   95.57640717  1.492369E-05  1.170230E+03  1.157828E-03        21
   95.55252540  1.119348E-05  1.162557E+03  1.564230E-03        22
   95.52868313  8.417117E-06  1.153064E+03  2.113279E-03        23
   95.50485442  6.345622E-06  1.142398E+03  2.855047E-03        24
   95.48101334  4.795881E-06  1.129612E+03  3.857178E-03        25
   95.45721482  3.639514E-06  1.113897E+03  5.211060E-03        26
   95.43338271  2.771614E-06  1.096402E+03  7.040159E-03        27
   95.40951785  2.119654E-06  1.074706E+03  9.511278E-03        28
   95.38566131  1.631097E-06  1.048880E+03  1.284977E-02        29
   95.36166830  1.261303E-06  1.020383E+03  1.736008E-02        30
   95.33753960  9.815229E-07  9.851746E+02  2.345352E-02        31
   95.31327972  7.703976E-07  9.442124E+02  3.168578E-02        32
   95.28864735  6.087859E-07  9.008065E+02  4.280760E-02        33
   95.26351543  4.844866E-07  8.500875E+02  5.783320E-02        34
   95.23787284  3.896495E-07  7.918868E+02  7.813284E-02        35
   95.21134285  3.160614E-07  7.340329E+02  1.055577E-01        36
   95.18350278  2.578829E-07  6.750064E+02  1.426088E-01        37
   95.15419691  2.121744E-07  6.120465E+02  1.926650E-01        38
   95.12297402  1.759051E-07  5.535289E+02  2.602910E-01        39
   95.08908808  1.461643E-07  5.068703E+02  3.516540E-01        40
   95.05182581  1.210501E-07  4.693232E+02  4.750857E-01        41
   95.01085002  9.988742E-08  4.338509E+02  6.418423E-01        42
   94.96587581  8.225359E-08  4.043230E+02  8.671311E-01        43
   94.91599488  6.701156E-08  3.898904E+02  1.171497E+00        44
   94.86062485  5.355004E-08  3.787963E+02  1.582696E+00        45
   94.80082546  4.258384E-08  3.618155E+02  2.138228E+00        46
   94.73584983  3.343538E-08  3.531269E+02  2.888752E+00        47
   94.66567238  2.586314E-08  3.454194E+02  3.902714E+00        48
   94.59118305  1.986145E-08  3.329062E+02  5.272579E+00        49
   94.51261370  1.521977E-08  3.197086E+02  7.123271E+00        50
   94.42953968  1.158224E-08  3.063259E+02  9.623562E+00        51
   94.34311498  8.872154E-09  2.865171E+02  1.300146E+01        52
   94.25277859  6.837446E-09  2.684565E+02  1.756502E+01        53
   94.15758604  5.275234E-09  2.504836E+02  2.373040E+01        54
   94.05831410  4.116883E-09  2.299318E+02  3.205985E+01        55
   93.95340899  3.229543E-09  2.137951E+02  4.331296E+01        56
   93.84111730  2.529688E-09  2.001423E+02  5.857024E+01        57
   93.72358343  1.992072E-09  1.861766E+02  7.884575E+01        58
   93.64734336  1.718221E-09  1.789009E+02  9.465987E+01        59
   93.62375735  1.642493E-09  1.768788E+02  1.000000E+02        60
