      2      3.197E+01      0.000E+00     -100.0000
      3      1.796E+09      0.000E+00     -100.0000
      4      1.337E+09      0.000E+00     -100.0000
      5      1.373E+08      0.000E+00     -100.0000
      6      2.164E+09      0.000E+00     -100.0000
      7      3.660E+09      0.000E+00     -100.0000
      8      8.070E+08      0.000E+00     -100.0000
      9      3.940E+09      0.000E+00     -100.0000
     10      7.427E+07      0.000E+00     -100.0000
     11      1.068E+10      0.000E+00     -100.0000
     12      6.357E+09      0.000E+00     -100.0000
     13      2.842E+09      0.000E+00     -100.0000
     14      2.409E+09      0.000E+00     -100.0000
     15      3.734E+09      0.000E+00     -100.0000
     16      7.821E+08      0.000E+00     -100.0000
     17      3.188E+08      0.000E+00     -100.0000
     18      2.797E+09      0.000E+00     -100.0000
     19      5.136E+09      0.000E+00     -100.0000
     20      7.892E+08      0.000E+00     -100.0000
     21      1.474E+09      0.000E+00     -100.0000
     22      2.109E+09      0.000E+00     -100.0000
     23      2.928E+08      0.000E+00     -100.0000
     24      3.532E+09      0.000E+00     -100.0000
     25      1.693E+09      0.000E+00     -100.0000
     26      7.712E+08      0.000E+00     -100.0000
     27      5.286E+09      0.000E+00     -100.0000
     28      2.527E+09      0.000E+00     -100.0000
     29      5.442E+08      0.000E+00     -100.0000
     30      1.214E+10      0.000E+00     -100.0000
     31      4.516E+08      0.000E+00     -100.0000
     32      6.725E+08      0.000E+00     -100.0000
     33      5.630E+09      0.000E+00     -100.0000
     34      7.964E+09      0.000E+00     -100.0000
     35      2.347E+09      0.000E+00     -100.0000
     36      1.114E+09      0.000E+00     -100.0000
     37      6.718E+08      0.000E+00     -100.0000
     38      2.185E+09      0.000E+00     -100.0000
     39      3.502E+08      0.000E+00     -100.0000
     40      3.509E+08      0.000E+00     -100.0000
     41      1.351E+09      0.000E+00     -100.0000
     42      5.230E+09      0.000E+00     -100.0000
     43      8.233E+08      0.000E+00     -100.0000
     44      3.455E+09      0.000E+00     -100.0000
     45      5.491E+08      0.000E+00     -100.0000
     46      3.875E+08      0.000E+00     -100.0000
     47      1.456E+08      0.000E+00     -100.0000
     48      7.124E+08      0.000E+00     -100.0000
     49      1.284E+09      0.000E+00     -100.0000
     50      2.048E+08      0.000E+00     -100.0000
     51      2.055E+08      0.000E+00     -100.0000
     52      8.758E+08      0.000E+00     -100.0000
     53      1.343E+08      0.000E+00     -100.0000
     54      1.343E+08      0.000E+00     -100.0000
     55      4.625E+08      0.000E+00     -100.0000
     56      5.861E+08      0.000E+00     -100.0000
     57      3.860E+08      0.000E+00     -100.0000
     58      2.409E+08      0.000E+00     -100.0000
     59      5.009E+08      0.000E+00     -100.0000
     60      9.756E+07      0.000E+00     -100.0000
     61      8.185E+08      0.000E+00     -100.0000
     62      1.313E+08      0.000E+00     -100.0000
     63      1.309E+08      0.000E+00     -100.0000
     64      5.782E+08      0.000E+00     -100.0000
     65      8.487E+07      0.000E+00     -100.0000
     66      8.503E+07      0.000E+00     -100.0000
     67      6.025E+07      0.000E+00     -100.0000
     68      5.736E+07      0.000E+00     -100.0000
     69      2.888E+08      0.000E+00     -100.0000
     70      2.736E+08      0.000E+00     -100.0000
     71      2.794E+08      0.000E+00     -100.0000
     72      1.625E+08      0.000E+00     -100.0000
     73      3.908E+08      0.000E+00     -100.0000
     74      7.257E+07      0.000E+00     -100.0000
     75      5.541E+08      0.000E+00     -100.0000
     76      8.915E+07      0.000E+00     -100.0000
     77      8.897E+07      0.000E+00     -100.0000
     78      4.002E+08      0.000E+00     -100.0000
     79      1.916E+08      0.000E+00     -100.0000
     80      5.731E+07      0.000E+00     -100.0000
     81      5.739E+07      0.000E+00     -100.0000
     82      4.065E+07      0.000E+00     -100.0000
     84      1.708E+08      0.000E+00     -100.0000
     85      2.101E+08      0.000E+00     -100.0000
     86      1.147E+08      0.000E+00     -100.0000
     87      3.476E+08      0.000E+00     -100.0000
     88      5.790E+07      0.000E+00     -100.0000
     89      3.936E+08      0.000E+00     -100.0000
     90      6.383E+07      0.000E+00     -100.0000
     91      6.353E+07      0.000E+00     -100.0000
     92      1.338E+08      0.000E+00     -100.0000
     93      2.884E+08      0.000E+00     -100.0000
     94      1.203E+08      0.000E+00     -100.0000
     95      4.049E+07      0.000E+00     -100.0000
     96      4.066E+07      0.000E+00     -100.0000
     97      2.864E+07      0.000E+00     -100.0000
     99      1.645E+08      0.000E+00     -100.0000
    100      8.365E+07      0.000E+00     -100.0000
    101      3.845E+08      0.000E+00     -100.0000
    102      1.202E+08      0.000E+00     -100.0000
    103      2.905E+08      0.000E+00     -100.0000
    104      4.749E+07      0.000E+00     -100.0000
    105      4.712E+07      0.000E+00     -100.0000
    106      9.709E+07      0.000E+00     -100.0000
    107      2.152E+08      0.000E+00     -100.0000
    108      9.073E+07      0.000E+00     -100.0000
    109      2.986E+07      0.000E+00     -100.0000
    110      2.966E+07      0.000E+00     -100.0000
    112      2.094E+07      0.000E+00     -100.0000
    113      1.593E+09      0.000E+00     -100.0000
    114      1.187E+09      0.000E+00     -100.0000
    115      2.558E+09      0.000E+00     -100.0000
