      2      3.197E+01      0.000E+00     -100.0000
      3      1.796E+09      0.000E+00     -100.0000
      4      1.337E+09      0.000E+00     -100.0000
      5      1.373E+08      0.000E+00     -100.0000
      6      2.164E+09      0.000E+00     -100.0000
      7      3.660E+09      0.000E+00     -100.0000
      8      8.070E+08      0.000E+00     -100.0000
      9      3.940E+09      0.000E+00     -100.0000
     10      7.427E+07      0.000E+00     -100.0000
     11      1.068E+10      0.000E+00     -100.0000
     12      6.357E+09      0.000E+00     -100.0000
     13      2.842E+09      0.000E+00     -100.0000
     14      2.409E+09      0.000E+00     -100.0000
     15      3.734E+09      0.000E+00     -100.0000
     16      7.821E+08      0.000E+00     -100.0000
     17      3.188E+08      0.000E+00     -100.0000
     18      2.797E+09      0.000E+00     -100.0000
     19      5.136E+09      0.000E+00     -100.0000
     20      7.892E+08      0.000E+00     -100.0000
     21      1.474E+09      0.000E+00     -100.0000
     22      2.109E+09      0.000E+00     -100.0000
     23      2.928E+08      0.000E+00     -100.0000
     24      3.532E+09      0.000E+00     -100.0000
     25      1.693E+09      0.000E+00     -100.0000
     26      7.712E+08      0.000E+00     -100.0000
     27      5.286E+09      0.000E+00     -100.0000
     28      2.527E+09      0.000E+00     -100.0000
     29      5.442E+08      0.000E+00     -100.0000
     30      1.214E+10      0.000E+00     -100.0000
     31      4.516E+08      0.000E+00     -100.0000
     32      6.725E+08      0.000E+00     -100.0000
     33      5.631E+09      0.000E+00     -100.0000
     34      7.964E+09      0.000E+00     -100.0000
     35      2.347E+09      0.000E+00     -100.0000
     36      1.114E+09      0.000E+00     -100.0000
     37      6.718E+08      0.000E+00     -100.0000
     38      2.185E+09      0.000E+00     -100.0000
     39      3.502E+08      0.000E+00     -100.0000
     40      3.509E+08      0.000E+00     -100.0000
     41      1.351E+09      0.000E+00     -100.0000
     42      5.230E+09      0.000E+00     -100.0000
     43      8.233E+08      0.000E+00     -100.0000
     44      3.455E+09      0.000E+00     -100.0000
     45      5.491E+08      0.000E+00     -100.0000
     46      3.875E+08      0.000E+00     -100.0000
     47      1.456E+08      0.000E+00     -100.0000
     48      7.124E+08      0.000E+00     -100.0000
     49      1.284E+09      0.000E+00     -100.0000
     50      2.048E+08      0.000E+00     -100.0000
     51      2.055E+08      0.000E+00     -100.0000
     52      8.758E+08      0.000E+00     -100.0000
     53      1.343E+08      0.000E+00     -100.0000
     54      1.343E+08      0.000E+00     -100.0000
     55      4.625E+08      0.000E+00     -100.0000
     56      5.861E+08      0.000E+00     -100.0000
     57      3.860E+08      0.000E+00     -100.0000
     58      2.409E+08      0.000E+00     -100.0000
     59      5.009E+08      0.000E+00     -100.0000
     60      9.756E+07      0.000E+00     -100.0000
     61      8.185E+08      0.000E+00     -100.0000
     62      1.313E+08      0.000E+00     -100.0000
     63      1.309E+08      0.000E+00     -100.0000
     64      5.782E+08      0.000E+00     -100.0000
     65      8.487E+07      0.000E+00     -100.0000
     66      8.503E+07      0.000E+00     -100.0000
     67      5.736E+07      0.000E+00     -100.0000
     68      6.025E+07      0.000E+00     -100.0000
     69      2.888E+08      0.000E+00     -100.0000
     70      2.736E+08      0.000E+00     -100.0000
     71      2.794E+08      0.000E+00     -100.0000
     72      1.625E+08      0.000E+00     -100.0000
     73      3.908E+08      0.000E+00     -100.0000
     74      7.257E+07      0.000E+00     -100.0000
     75      5.541E+08      0.000E+00     -100.0000
     76      8.915E+07      0.000E+00     -100.0000
     77      8.897E+07      0.000E+00     -100.0000
     78      4.002E+08      0.000E+00     -100.0000
     79      1.916E+08      0.000E+00     -100.0000
     80      5.739E+07      0.000E+00     -100.0000
     81      5.731E+07      0.000E+00     -100.0000
     83      4.065E+07      0.000E+00     -100.0000
     84      3.026E+07      0.000E+00     -100.0000
     85      3.026E+07      0.000E+00     -100.0000
     86      1.708E+08      0.000E+00     -100.0000
     87      2.101E+08      0.000E+00     -100.0000
     88      1.147E+08      0.000E+00     -100.0000
     89      3.476E+08      0.000E+00     -100.0000
     90      5.790E+07      0.000E+00     -100.0000
     91      3.936E+08      0.000E+00     -100.0000
     92      6.383E+07      0.000E+00     -100.0000
     93      6.353E+07      0.000E+00     -100.0000
     94      1.338E+08      0.000E+00     -100.0000
     95      2.884E+08      0.000E+00     -100.0000
     96      1.203E+08      0.000E+00     -100.0000
     97      4.066E+07      0.000E+00     -100.0000
     98      4.049E+07      0.000E+00     -100.0000
     99      3.907E+04      0.000E+00     -100.0000
    100      2.867E+07      0.000E+00     -100.0000
    101      1.876E+07      0.000E+00     -100.0000
    102      1.876E+07      0.000E+00     -100.0000
    103      1.645E+08      0.000E+00     -100.0000
    104      8.365E+07      0.000E+00     -100.0000
    105      3.845E+08      0.000E+00     -100.0000
    106      1.202E+08      0.000E+00     -100.0000
    107      2.905E+08      0.000E+00     -100.0000
    108      4.749E+07      0.000E+00     -100.0000
    109      4.712E+07      0.000E+00     -100.0000
    110      9.709E+07      0.000E+00     -100.0000
    111      2.152E+08      0.000E+00     -100.0000
    112      9.073E+07      0.000E+00     -100.0000
    113      2.966E+07      0.000E+00     -100.0000
    114      2.986E+07      0.000E+00     -100.0000
    115      2.101E+07      0.000E+00     -100.0000
    116      6.936E+04      0.000E+00     -100.0000
    117      1.220E+07      0.000E+00     -100.0000
    118      1.220E+07      0.000E+00     -100.0000
    119      7.049E+07      0.000E+00     -100.0000
    120      5.755E+07      0.000E+00     -100.0000
    121      1.689E+08      0.000E+00     -100.0000
    122      5.858E+07      0.000E+00     -100.0000
    123      1.728E+08      0.000E+00     -100.0000
    124      3.464E+07      0.000E+00     -100.0000
    125      3.932E+07      0.000E+00     -100.0000
    126      1.439E+08      0.000E+00     -100.0000
    127      2.286E+07      0.000E+00     -100.0000
    128      2.286E+07      0.000E+00     -100.0000
    129      1.591E+07      0.000E+00     -100.0000
    130      1.590E+07      0.000E+00     -100.0000
    131      8.240E+06      0.000E+00     -100.0000
    132      8.240E+06      0.000E+00     -100.0000
    133      6.601E+07      0.000E+00     -100.0000
    134      5.743E+07      0.000E+00     -100.0000
    135      5.473E+07      0.000E+00     -100.0000
    136      4.488E+07      0.000E+00     -100.0000
    137      1.300E+08      0.000E+00     -100.0000
    138      4.551E+07      0.000E+00     -100.0000
    139      1.327E+08      0.000E+00     -100.0000
    140      2.674E+07      0.000E+00     -100.0000
    141      2.983E+07      0.000E+00     -100.0000
    142      1.108E+08      0.000E+00     -100.0000
    143      1.765E+07      0.000E+00     -100.0000
    144      1.765E+07      0.000E+00     -100.0000
    145      1.231E+07      0.000E+00     -100.0000
    146      1.230E+07      0.000E+00     -100.0000
    147      5.747E+06      0.000E+00     -100.0000
    148      5.747E+06      0.000E+00     -100.0000
    149      5.073E+07      0.000E+00     -100.0000
    150      4.437E+07      0.000E+00     -100.0000
    151      4.330E+07      0.000E+00     -100.0000
    152      3.561E+07      0.000E+00     -100.0000
    153      1.021E+08      0.000E+00     -100.0000
    154      3.600E+07      0.000E+00     -100.0000
    155      1.041E+08      0.000E+00     -100.0000
    156      2.109E+07      0.000E+00     -100.0000
    157      2.326E+07      0.000E+00     -100.0000
    158      8.702E+07      0.000E+00     -100.0000
    159      1.393E+07      0.000E+00     -100.0000
    160      1.393E+07      0.000E+00     -100.0000
    161      9.723E+06      0.000E+00     -100.0000
    162      9.719E+06      0.000E+00     -100.0000
    163      4.118E+06      0.000E+00     -100.0000
    164      4.118E+06      0.000E+00     -100.0000
    165      3.985E+07      0.000E+00     -100.0000
    166      3.500E+07      0.000E+00     -100.0000
    167      3.483E+07      0.000E+00     -100.0000
    168      2.870E+07      0.000E+00     -100.0000
    169      8.196E+07      0.000E+00     -100.0000
    170      2.894E+07      0.000E+00     -100.0000
    171      1.593E+09      0.000E+00     -100.0000
    172      8.323E+07      0.000E+00     -100.0000
    173      1.694E+07      0.000E+00     -100.0000
    174      1.853E+07      0.000E+00     -100.0000
    175      6.953E+07      0.000E+00     -100.0000
    176      1.118E+07      0.000E+00     -100.0000
    177      1.118E+07      0.000E+00     -100.0000
    178      7.816E+06      0.000E+00     -100.0000
    179      7.813E+06      0.000E+00     -100.0000
    180      3.020E+06      0.000E+00     -100.0000
    181      3.020E+06      0.000E+00     -100.0000
    182      3.187E+07      0.000E+00     -100.0000
    183      2.809E+07      0.000E+00     -100.0000
    184      1.033E+07      0.000E+00     -100.0000
    185      6.155E+06      0.000E+00     -100.0000
    186      7.177E+06      0.000E+00     -100.0000
    187      4.562E+06      0.000E+00     -100.0000
    188      5.226E+06      0.000E+00     -100.0000
    189      3.444E+06      0.000E+00     -100.0000
    190      3.911E+06      0.000E+00     -100.0000
    191      2.642E+06      0.000E+00     -100.0000
    192      2.987E+06      0.000E+00     -100.0000
    193      2.056E+06      0.000E+00     -100.0000
    194      2.319E+06      0.000E+00     -100.0000
    195      1.620E+06      0.000E+00     -100.0000
    196      1.826E+06      0.000E+00     -100.0000
    197      1.292E+06      0.000E+00     -100.0000
    198      1.455E+06      0.000E+00     -100.0000
    199      1.040E+06      0.000E+00     -100.0000
    200      1.173E+06      0.000E+00     -100.0000
    201      8.458E+05      0.000E+00     -100.0000
    202      1.187E+09      0.000E+00     -100.0000
    203      9.541E+05      0.000E+00     -100.0000
    204      6.936E+05      0.000E+00     -100.0000
    205      7.833E+05      0.000E+00     -100.0000
    206      5.734E+05      0.000E+00     -100.0000
    207      6.482E+05      0.000E+00     -100.0000
    208      4.775E+05      0.000E+00     -100.0000
    209      5.404E+05      0.000E+00     -100.0000
    210      4.003E+05      0.000E+00     -100.0000
    211      4.536E+05      0.000E+00     -100.0000
    212      3.377E+05      0.000E+00     -100.0000
    213      3.832E+05      0.000E+00     -100.0000
    214      2.866E+05      0.000E+00     -100.0000
    215      3.255E+05      0.000E+00     -100.0000
    216      2.445E+05      0.000E+00     -100.0000
    217      2.558E+09      0.000E+00     -100.0000
