
 Recombination rates for CIII

 Photoionization route is 1
 Name of of final state is 2s2Se
 Statistical weight for final state is 2.
 Excitation energy for final state is 0.000x 10^15 Hz

       T(10^4K)                   Type    1.0000E+00    2.0000E+00    4.0000E+00    8.0000E+00

     1  2s2s1Se[0]                  20    1.6056E-13    1.0530E-13    7.2079E-14    5.1139E-14
     2  2s2p3Po[0]                  20    1.2439E-13    9.3999E-14    6.9323E-14    5.0409E-14
     3  2s2p3Po[1]                  20    3.7312E-13    2.8197E-13    2.0795E-13    1.5121E-13
     4  2s2p3Po[2]                  20    6.2166E-13    4.6984E-13    3.4655E-13    2.5192E-13
     5  2s2p1Po[1]                  20    2.5447E-13    2.6389E-13    2.3460E-13    1.7555E-13
     6  2p2p3Pe[0]                  20    7.4174E-13    3.5187E-13    1.7796E-13    7.6743E-14
     7  2p2p3Pe[1]                  20    2.2246E-12    1.0553E-12    5.3357E-13    2.3150E-13
     8  2p2p3Pe[2]                  20    3.7063E-12    1.7579E-12    8.8845E-13    3.8946E-13
     9  2p2p1De[2]                  20    2.0086E-12    1.0731E-12    5.9513E-13    3.3746E-13
    10  2p2p1Se[0]                  20    3.6839E-13    2.1415E-13    1.2083E-13    8.8838E-14
    11  2s3s3Se[1]                  20    4.6946E-14    3.3995E-14    2.8147E-14    3.3591E-14
    12  2s3s1Se[0]                  20    1.3252E-14    9.7839E-15    7.3818E-15    7.5249E-15
    13  2s3p1Po[1]                  20    7.9144E-14    5.6667E-14    4.2563E-14    4.1620E-14
    14  2s3p3Po[0]                  20    2.6806E-14    1.8604E-14    1.3194E-14    1.0771E-14
    15  2s3p3Po[1]                  20    8.0410E-14    5.5805E-14    3.9576E-14    3.2300E-14
    16  2s3p3Po[2]                  20    1.3398E-13    9.2979E-14    6.5932E-14    5.3785E-14
    17  2s3d3De[1]                  20    7.2703E-14    4.6600E-14    2.9266E-14    2.0470E-14
    18  2s3d3De[2]                  20    1.2117E-13    7.7665E-14    4.8775E-14    3.4115E-14
    19  2s3d3De[3]                  20    1.6963E-13    1.0872E-13    6.8278E-14    4.7758E-14
    20  2s3d1De[2]                  20    8.8863E-14    6.1771E-14    3.9110E-14    2.9597E-14
    21  2p3s3Po[0]                  20    3.1879E-15    2.9921E-15    4.5796E-15    6.5408E-15
    22  2p3s3Po[1]                  20    9.6021E-15    8.9817E-15    1.3557E-14    1.9025E-14
    23  2p3s3Po[2]                  20    1.6209E-14    1.5318E-14    2.2049E-14    2.9634E-14
    24  2s4s3Se[1]                  20    2.6999E-14    1.5918E-14    9.6553E-15    1.2140E-14
    25  2p3s1Po[1]                  20    2.2109E-14    1.4355E-14    1.4570E-14    2.3065E-14
    26  2s4s1Se[0]                  20    2.3939E-15    2.3958E-15    2.0837E-15    2.6117E-15
    27  2s4p3Po[0]                  20    1.0675E-14    7.2124E-15    5.2386E-15    4.2991E-15
    28  2s4p3Po[1]                  20    3.2023E-14    2.1636E-14    1.5718E-14    1.2897E-14
    29  2s4p3Po[2]                  20    5.3369E-14    3.6059E-14    2.6206E-14    2.1498E-14
    30  2p3p1Pe[1]                  20    1.4215E-14    1.2063E-14    1.5361E-14    1.8912E-14
    31  2s4d3De[1]                  20    1.6657E-13    7.8780E-14    3.9686E-14    2.4487E-14
    32  2s4d3De[2]                  20    2.7758E-13    1.3145E-13    6.6201E-14    4.0727E-14
    33  2s4d3De[3]                  20    3.8845E-13    1.8421E-13    9.2696E-14    5.6807E-14
    34  2s4f3Fo[2]                  20    2.6037E-13    1.3997E-13    5.4524E-14    2.7955E-14
    35  2s4f3Fo[3]                  20    3.6423E-13    1.9499E-13    7.5820E-14    3.8913E-14
    36  2s4f3Fo[4]                  20    4.6775E-13    2.4891E-13    9.6534E-14    4.9617E-14
    37  2s4p1Po[1]                  20    3.4728E-14    2.2392E-14    1.6001E-14    1.9139E-14
    38  2s4f1Fo[3]                  20    3.6966E-13    1.1512E-13    5.1745E-14    3.3147E-14
    39  2p3p3De[1]                  20    1.0837E-13    6.1592E-14    3.9190E-14    2.6168E-14
    40  2p3p3De[2]                  20    1.8069E-13    1.0285E-13    6.5367E-14    4.3524E-14
    41  2p3p3De[3]                  20    2.5308E-13    1.4440E-13    9.1595E-14    6.0740E-14
    42  2s4d1De[2]                  20    1.8898E-13    1.0532E-13    5.5378E-14    2.9196E-14
    43  2p3p3Se[1]                  20    1.4595E-13    6.3875E-14    5.1996E-14    4.2925E-14
    44  2p3p3Pe[0]                  20    7.8534E-14    4.2292E-14    1.3761E-14    8.5650E-15
    45  2p3p3Pe[1]                  20    2.3477E-13    1.1429E-13    3.6014E-14    2.4081E-14
    46  2p3p3Pe[3]                  20    3.9337E-13    2.0927E-13    6.6475E-14    4.1636E-14
    47  2p3d1Do[2]                  20    7.3527E-13    2.3561E-13    4.5756E-14    5.8582E-14
    48  2p3p1De[2]                  20    2.0972E-13    1.0808E-13    6.1058E-14    5.3751E-14
    49  2p3d3Fo[2]                  20    6.2401E-13    2.5854E-13    1.2411E-13    6.6992E-14
    50  2p3d3Fo[3]                  20    8.7301E-13    3.5915E-13    1.6814E-13    9.1903E-14
    51  2p3d3Fo[4]                  20    1.1209E-12    4.5662E-13    2.0582E-13    1.1498E-13
    52  2p3d3Do[1]                  20    4.0204E-13    9.1891E-14    2.3227E-14    2.4737E-14
    53  2p3d3Do[2]                  20    6.6947E-13    1.5694E-13    3.7125E-14    4.1138E-14
    54  2p3d3Do[3]                  20    9.3593E-13    2.2851E-13    4.8906E-14    5.7397E-14
    55  2s5s1Se                     20    1.9681E-14    1.6046E-14    1.0281E-14    8.1138E-15
    56  2s5s3Se                     20    2.6802E-14    2.3072E-14    1.7196E-14    1.2088E-14
    57  2p3d3Po[2]                  20    3.5665E-13    1.7212E-13    5.9248E-14    2.2560E-13
    58  2p3d3Po[1]                  20    2.1868E-13    9.2901E-14    3.6621E-14    1.3576E-13
    59  2p3d3Po[0]                  20    7.3771E-14    2.9057E-14    1.2395E-14    4.5016E-14
    60  2p3d1Fo[3]                  20    4.7463E-13    2.4125E-13    1.1096E-13    7.7616E-14
    61  2s5p1Po                     20    5.0207E-14    3.6633E-14    2.7362E-14    1.8142E-14
    62  2s5p3Po                     20    2.1440E-13    8.3738E-14    6.6127E-14    1.1787E-13
    63  2p3p1Se[0]                  20    3.3502E-14    2.5236E-14    1.2956E-14    8.3205E-15
    64  2s5d3De                     20    1.1810E-13    1.2636E-13    1.0022E-13    6.4432E-14
    65  2s5g3Ge                     20    8.8009E-14    1.7157E-13    1.5960E-13    8.8309E-14
    66  2s5g1Ge                     20    1.7870E-14    2.7279E-14    2.4364E-14    1.3459E-14
    67  2s5d1De                     20    2.5669E-14    2.7264E-14    2.2103E-14    1.5880E-14
    68  2p3d1Po[1]                  20    1.6150E-13    1.4095E-13    7.5085E-14    4.0891E-14
    69  2s5f3Fo                     20    2.2658E-13    2.2393E-13    1.6865E-13    1.3213E-13
    70  2s5f1Fo                     20    2.2963E-13    1.1445E-13    6.4441E-14    4.8397E-14
    71  2s6s3Se                     20    6.3820E-15    1.1331E-14    1.3146E-14    1.0051E-14
    72  2s6s1Se                     20    4.4398E-15    5.8158E-15    4.9383E-15    3.6707E-15
    73  2s6p3Po                     20    3.8511E-14    4.1078E-14    3.5714E-14    2.5891E-14
    74  2s6p1Po                     20    1.0673E-14    1.0117E-14    7.4843E-15    6.1346E-15
    75  2s6d3De                     20    5.6219E-14    6.8976E-14    7.3231E-14    5.3163E-14
    76  2s6g1Ge                     20    1.3970E-14    1.5750E-14    1.6775E-14    1.0908E-14
    77  2s6g3Ge                     20    4.7678E-14    8.3130E-14    1.0366E-13    6.9405E-14
    78  2s6d1De                     20    1.3757E-14    1.5179E-14    1.5455E-14    1.2160E-14
    79  2s6h1Ho                     20    7.0719E-15    1.9051E-14    2.6107E-14    1.7773E-14
    80  2s6h3Ho                     20    2.4176E-14    7.4031E-14    1.0263E-13    7.0046E-14
    81  2s6f3Fo                     20    7.2461E-14    9.3864E-14    1.0018E-13    8.2690E-14
    82  2s6f1Fo                     20    3.3400E-14    2.8333E-14    2.4839E-14    1.8355E-14
    83  2s7s3Se                     20    3.2214E-15    7.3600E-15    1.1199E-14    9.1242E-15
    84  2s7s1Se                     20    1.7851E-15    2.8819E-15    3.8441E-15    3.0886E-15
    85  2s7p1Po                     20    4.9354E-15    5.3165E-15    5.9550E-15    5.0039E-15
    86  2s7p3Po                     20    2.2016E-14    2.4352E-14    2.9543E-14    2.4042E-14
    87  2s7d3De                     20    3.5138E-14    4.5434E-14    5.8634E-14    8.0736E-14
    88  2s7g3Ge                     20    3.7805E-14    5.4819E-14    7.8379E-14    5.8633E-14
    89  2s7g1Ge                     20    1.2075E-14    1.2545E-14    1.5144E-14    1.0924E-14
    90  2s7d1De                     20    9.2476E-15    1.0702E-14    1.3119E-14    1.1308E-14
    91  2s7h3Ho                     20    2.3324E-14    4.7835E-14    7.7093E-14    5.8938E-14
    92  2s7h1Ho                     20    7.2993E-15    1.1072E-14    1.6419E-14    1.2361E-14
    93  2s7i1Ie                     20    2.6333E-15    8.5363E-15    1.5060E-14    1.1769E-14
    94  2s7i3Ie                     20    1.1185E-14    5.9052E-14    1.0842E-13    8.4924E-14
    95  2s7f3Fo                     20    4.2940E-14    5.3408E-14    6.9049E-14    5.6426E-14
    96  2s7f1Fo                     20    1.5902E-14    1.5261E-14    1.7726E-14    2.0590E-14
    97  2s8s3Se                     20    1.9993E-15    5.1939E-15    9.6171E-15    8.4382E-15
    98  2s8s1Se                     20    9.8043E-16    1.8826E-15    3.0947E-15    2.7670E-15
    99  2s8p1Po                     20    3.0476E-15    3.7384E-15    4.9389E-15    4.6401E-15
   100  2s8p3Po                     20    1.4325E-14    1.6783E-14    2.2436E-14    1.9521E-14
   101  2s8d3De                     20    2.3538E-14    2.6455E-14    3.5020E-14    2.9560E-14
   102  2s8g3Ge                     20    3.0029E-14    3.6788E-14    5.5685E-14    4.4610E-14
   103  2s8g1Ge                     20    9.8879E-15    9.5527E-15    1.2255E-14    9.4680E-15
   104  2s8d1De                     20    6.6042E-15    8.0569E-15    1.1310E-14    1.0492E-14
   105  2s8f3Fo                     20    2.9856E-14    3.4342E-14    4.6566E-14    4.0196E-14
   106  2s8h3Ho                     20    2.1355E-14    2.6148E-14    4.0502E-14    3.2640E-14
   107  2s8h1Ho                     20    7.1535E-15    9.2453E-15    1.4704E-14    1.1910E-14
   108  2s8i1Ie                     20    5.5259E-15    3.6782E-14    8.1046E-14    6.9127E-14
   109  2s8i3Ie                     20    1.0978E-14    2.3150E-14    4.3979E-14    3.6748E-14
   110  2s8z1Z                       2    8.3792E-15    4.5106E-15    2.1822E-15    9.5402E-16
   111  2s8z3Z                       2    2.5138E-14    1.3532E-14    6.5466E-15    2.8621E-15
   112  2s8f1Fo                     20    1.0415E-14    1.1546E-14    1.5456E-14    1.3215E-14
   113  2s9s3Se                     20    1.3431E-15    3.8872E-15    8.2427E-15    7.7032E-15
   114  2s9s1Se                     20    6.3937E-16    1.4390E-15    2.7369E-15    2.5760E-15
   115  2s9p1Po                     20    1.8373E-15    2.6423E-15    4.3375E-15    4.4677E-15
   116  2s9p3Po                     20    1.0288E-14    1.2249E-14    1.8279E-14    1.6936E-14
   117  2s9d3De                     20    1.6859E-14    2.0003E-14    3.0166E-14    2.6912E-14
   118  2s9g3Ge                     20    2.3911E-14    2.6460E-14    4.0725E-14    3.4033E-14
   119  2s9g1Ge                     20    7.9774E-15    7.7270E-15    1.0708E-14    8.7420E-15
   120  2s9f3Fo                     20    2.2104E-14    2.5982E-14    3.9626E-14    3.5608E-14
   121  2s9d1De                     20    4.8937E-15    6.2040E-15    9.8650E-15    9.2959E-15
   122  2s9f1Fo                     20    7.5424E-15    8.6682E-15    1.3042E-14    1.2054E-14
   123  2s9h3Ho                     20    1.9182E-14    2.2434E-14    3.7285E-14    3.1699E-14
   124  2s9h1Ho                     20    6.4124E-15    7.8100E-15    1.3271E-14    1.1332E-14
   125  2s9i1Ie                     20    4.8720E-15    2.3328E-14    5.5929E-14    5.0380E-14
   126  2s9i3Ie                     20    1.2075E-14    1.9953E-14    3.9359E-14    3.4514E-14
   127  2s9z3Z                       2    3.0682E-14    1.5596E-14    7.1335E-15    2.9796E-15
   128  2s9z1Z                       2    1.0227E-14    5.1986E-15    2.3778E-15    9.9322E-16
   129  2s10s3Se                    20    9.7276E-16    3.1574E-15    7.4749E-15    8.9222E-15
   130  2s10s1Se                    20    4.5531E-16    1.1325E-15    2.4529E-15    2.6169E-15
   131  2s10p1Po                    20    1.0481E-15    1.8195E-15    3.5251E-15    6.1485E-15
   132  2s10p3Po                    20    7.6676E-15    9.6490E-15    1.6656E-14    4.1851E-14
   133  2s10d3De                    20    1.2535E-14    1.5944E-14    3.0876E-14    2.8316E-13
   134  2s10g3Ge                    20    1.8896E-14    1.4286E-14    1.5703E-14    1.2395E-14
   135  2s10g1Ge                    20    6.3297E-15    3.8297E-15    2.5641E-15    1.6009E-15
   136  2s10f3Fo                    20    1.6689E-14    1.7222E-14    2.8095E-14    2.4362E-13
   137  2s10d1De                    20    3.6898E-15    3.5254E-15    5.8961E-15    8.8691E-14
   138  2s10f1Fo                    20    5.5449E-15    5.6937E-15    1.7472E-14    6.3781E-13
   139  2s10h1Ho                    20    5.4092E-15    3.4713E-15    3.1428E-15    2.3012E-15
   140  2s10h3Ho                    20    1.6257E-14    1.1058E-14    1.1248E-14    8.6299E-15
   141  2s10i3Ie                    20    1.1401E-14    6.4878E-15    4.9855E-15    3.3962E-15
   142  2s10i1Ie                    20    3.8003E-15    2.1635E-15    1.6642E-15    1.1345E-15
   143  2s10z3Z                      2    8.8020E-15    4.0209E-15    1.6760E-15    6.5355E-16
   144  2s10z1Z                      2    2.9340E-15    1.3403E-15    5.5866E-16    2.1785E-16
   145  2s11s3Se                     2    1.9466E-15    1.3152E-15    8.7398E-16    5.7047E-16
   146  2s11s1Se                     2    6.4245E-16    4.3396E-16    2.8832E-16    1.8815E-16
   147  2s11p1Po                     2    1.9598E-15    1.3064E-15    8.4509E-16    5.2473E-16
   148  2s11p3Po                     2    5.7521E-15    3.8316E-15    2.4760E-15    1.5352E-15
   149  2s11d3De                     2    9.4946E-15    6.1105E-15    3.7240E-15    2.1124E-15
   150  2s11g3Ge                     2    1.4155E-14    8.0509E-15    4.1573E-15    1.9418E-15
   151  2s11g1Ge                     2    4.7185E-15    2.6836E-15    1.3858E-15    6.4727E-16
   152  2s11d1De                     2    3.1204E-15    2.0066E-15    1.2215E-15    6.9184E-16
   153  2s11h3Ho                     2    1.3337E-14    7.0544E-15    3.3632E-15    1.4570E-15
   154  2s11h1Ho                     2    4.4458E-15    2.3515E-15    1.1211E-15    4.8568E-16
   155  2s11i3Ie                     2    1.0461E-14    5.1646E-15    2.3017E-15    9.4271E-16
   156  2s11i1Ie                     2    3.4871E-15    1.7215E-15    7.6724E-16    3.1424E-16
   157  2s11z3Z                      2    1.1089E-14    5.0219E-15    2.0805E-15    8.0816E-16
   158  2s11z1Z                      2    3.6965E-15    1.6740E-15    6.9348E-16    2.6939E-16
   159  2s11f3Fo                     2    1.2533E-14    7.6280E-15    4.2880E-15    2.1959E-15
   160  2s11f1Fo                     2    4.1732E-15    2.5397E-15    1.4275E-15    7.3094E-16
   161  2s12s3Se                     2    1.5353E-15    1.0314E-15    6.8148E-16    4.4252E-16
   162  2s12s1Se                     2    5.0709E-16    3.4060E-16    2.2500E-16    1.4607E-16
   163  2s12p1Po                     2    1.5452E-15    1.0248E-15    6.5952E-16    4.0764E-16
   164  2s12p3Po                     2    4.5431E-15    3.0109E-15    1.9359E-15    1.1950E-15
   165  2s12d3De                     2    7.5174E-15    4.8185E-15    2.9255E-15    1.6542E-15
   166  2s12g3Ge                     2    1.1537E-14    6.5491E-15    3.3765E-15    1.5753E-15
   167  2s12g1Ge                     2    3.8456E-15    2.1830E-15    1.1255E-15    5.2510E-16
   168  2s12d1De                     2    2.4734E-15    1.5842E-15    9.6079E-16    5.4256E-16
   169  2s12h3Ho                     2    1.1291E-14    5.9645E-15    2.8410E-15    1.2301E-15
   170  2s12h1Ho                     2    3.7635E-15    1.9882E-15    9.4699E-16    4.1002E-16
   171  2s12i3Ie                     2    9.4341E-15    4.6533E-15    2.0728E-15    8.4874E-16
   172  2s12i1Ie                     2    3.1447E-15    1.5511E-15    6.9095E-16    2.8291E-16
   173  2s12z3Z                      2    1.2627E-14    5.6703E-15    2.3359E-15    9.0420E-16
   174  2s12z1Z                      2    4.2091E-15    1.8901E-15    7.7863E-16    3.0140E-16
   175  2s12f3Fo                     2    1.0016E-14    6.0787E-15    3.4087E-15    1.7423E-15
   176  2s12f1Fo                     2    3.3353E-15    2.0241E-15    1.1349E-15    5.8001E-16
   177  2s13s3Se                     2    1.2335E-15    8.2422E-16    5.4176E-16    3.5017E-16
   178  2s13s1Se                     2    4.0769E-16    2.7237E-16    1.7900E-16    1.1567E-16
   179  2s13p1Po                     2    1.2411E-15    8.1908E-16    5.2467E-16    3.2297E-16
   180  2s13p3Po                     2    3.6545E-15    2.4102E-15    1.5426E-15    9.4846E-16
   181  2s13d3De                     2    6.0575E-15    3.8676E-15    2.3399E-15    1.3192E-15
   182  2s13g3Ge                     2    9.4969E-15    5.3808E-15    2.7699E-15    1.2908E-15
   183  2s13g1Ge                     2    3.1656E-15    1.7936E-15    9.2330E-16    4.3028E-16
   184  2s13d1De                     2    1.9949E-15    1.2728E-15    7.6928E-16    4.3320E-16
   185  2s13h3Ho                     2    9.5590E-15    5.0434E-15    2.4001E-15    1.0385E-15
   186  2s13h1Ho                     2    3.1863E-15    1.6811E-15    8.0004E-16    3.4618E-16
   187  2s13i3Ie                     2    8.3644E-15    4.1220E-15    1.8353E-15    7.5122E-16
   188  2s13i1Ie                     2    2.7881E-15    1.3740E-15    6.1175E-16    2.5041E-16
   189  2s13z3Z                      2    1.3531E-14    6.0287E-15    2.4708E-15    9.5330E-16
   190  2s13z1Z                      2    4.5104E-15    2.0096E-15    8.2359E-16    3.1777E-16
   191  2s13f3Fo                     2    8.1258E-15    4.9181E-15    2.7514E-15    1.4037E-15
   192  2s13f1Fo                     2    2.7062E-15    1.6378E-15    9.1613E-16    4.6735E-16
   193  2s14s3Se                     2    1.0067E-15    6.6933E-16    4.3785E-16    2.8184E-16
   194  2s14s1Se                     2    3.3293E-16    2.2131E-16    1.4475E-16    9.3158E-17
   195  2s14p1Po                     2    1.0127E-15    6.6526E-16    4.2429E-16    2.6022E-16
   196  2s14p3Po                     2    2.9857E-15    1.9601E-15    1.2492E-15    7.6533E-16
   197  2p4p1Pe                     20    3.4228E-15    3.3400E-15    4.2090E-15    6.7353E-15
   198  2s14d3De                     2    4.9551E-15    3.1519E-15    1.9006E-15    1.0687E-15
   199  2s14g3Ge                     2    7.8948E-15    4.4649E-15    2.2950E-15    1.0683E-15
   200  2s14g1Ge                     2    2.6316E-15    1.4883E-15    7.6499E-16    3.5611E-16
   201  2s14d1De                     2    1.6332E-15    1.0382E-15    6.2546E-16    3.5131E-16
   202  2s14h3Ho                     2    8.1183E-15    4.2783E-15    2.0342E-15    8.7966E-16
   203  2s14h1Ho                     2    2.7061E-15    1.4261E-15    6.7808E-16    2.9322E-16
   204  2s14i3Ie                     2    7.3550E-15    3.6222E-15    1.6119E-15    6.5958E-16
   205  2s14i1Ie                     2    2.4517E-15    1.2074E-15    5.3731E-16    2.1986E-16
   206  2s14z3Z                      2    1.3944E-14    6.1703E-15    2.5169E-15    9.6821E-16
   207  2s14z1Z                      2    4.6479E-15    2.0568E-15    8.3896E-16    3.2274E-16
   208  2s14f3Fo                     2    6.6814E-15    4.0331E-15    2.2512E-15    1.1465E-15
   209  2s14f1Fo                     2    2.2253E-15    1.3431E-15    7.4963E-16    3.8176E-16
   210  2s15w3W                      3    4.6813E-14    2.4720E-14    1.2302E-14    5.8120E-15
   211  2s15w1W                      3    1.5604E-14    8.2399E-15    4.1005E-15    1.9373E-15
   212  2s16w3W                      3    4.1781E-14    2.1803E-14    1.0736E-14    5.0268E-15
   213  2s16w1W                      3    1.3927E-14    7.2677E-15    3.5787E-15    1.6756E-15
   214  2s17w3W                      3    4.8933E-14    2.5289E-14    1.2347E-14    5.7403E-15
   215  2s17w1W                      3    1.6311E-14    8.4296E-15    4.1157E-15    1.9134E-15
   216  2s18w3W                      3    3.3746E-14    1.7244E-14    8.3348E-15    3.8419E-15
   217  2s18w1W                      3    1.1249E-14    5.7479E-15    2.7783E-15    1.2806E-15
   218  2s19w3W                      3    3.0517E-14    1.5448E-14    7.4059E-15    3.3904E-15
   219  2s19w1W                      3    1.0172E-14    5.1493E-15    2.4686E-15    1.1301E-15
   220  2s20w3W                      3    2.7699E-14    1.3899E-14    6.6133E-15    3.0085E-15
   221  2s20w1W                      3    9.2330E-15    4.6331E-15    2.2044E-15    1.0028E-15
   222  2s21w3W                      3    2.5228E-14    1.2556E-14    5.9325E-15    2.6831E-15
   223  2s21w1W                      3    8.4093E-15    4.1854E-15    1.9775E-15    8.9438E-16
   224  2s22w3W                      3    2.3051E-14    1.1385E-14    5.3442E-15    2.4041E-15
   225  2s22w1W                      3    7.6835E-15    3.7951E-15    1.7814E-15    8.0135E-16
   226  2s23w3W                      3    2.1124E-14    1.0359E-14    4.8330E-15    2.1632E-15
   227  2s23w1W                      3    7.0412E-15    3.4530E-15    1.6110E-15    7.2107E-16
   228  2p4p3Pe                     20    9.9990E-15    1.5589E-14    2.0160E-14    2.9006E-14
   229  2s24w3W                      3    1.9411E-14    9.4555E-15    4.3864E-15    1.9542E-15
   230  2s24w1W                      3    6.4704E-15    3.1518E-15    1.4621E-15    6.5140E-16
   231  2s25w3W                      3    1.7884E-14    8.6568E-15    3.9945E-15    1.7718E-15
   232  2s25w1W                      3    5.9614E-15    2.8856E-15    1.3315E-15    5.9061E-16
   233  2s26w3W                      3    1.6518E-14    7.9477E-15    3.6490E-15    1.6120E-15
   234  2s26w1W                      3    5.5059E-15    2.6492E-15    1.2163E-15    5.3733E-16
   235  2s27w3W                      3    1.5291E-14    7.3160E-15    3.3432E-15    1.4712E-15
   236  2s27w1W                      3    5.0969E-15    2.4387E-15    1.1144E-15    4.9040E-16
   237  2s28w3W                      3    1.4186E-14    6.7512E-15    3.0714E-15    1.3467E-15
   238  2s28w1W                      3    4.7286E-15    2.2504E-15    1.0238E-15    4.4890E-16
   239  2s29w3W                      3    1.3187E-14    6.2444E-15    2.8290E-15    1.2362E-15
   240  2s29w1W                      3    4.3958E-15    2.0815E-15    9.4299E-16    4.1206E-16
   241  2s30w3W                      3    1.2283E-14    5.7884E-15    2.6120E-15    1.1377E-15
   242  2s30w1W                      3    4.0944E-15    1.9295E-15    8.7066E-16    3.7923E-16
   243  2p4d1Do                     20    9.6169E-16    1.8728E-15    4.6537E-15    4.9664E-15

        Sum                               2.5402E-11    1.3665E-11    8.5463E-12    7.3424E-12


 Summary of recombination rates for packed levels.

       T(10^4K)                   Type    1.0000E+00    2.0000E+00    4.0000E+00    8.0000E+00

     1  2s2s1Se                     20    1.6056E-13    1.0530E-13    7.2079E-14    5.1139E-14
     2  2s2p3Po                     20    1.1192E-12    8.4581E-13    6.2382E-13    4.5354E-13
     3  2s2p1Po                     20    2.5447E-13    2.6389E-13    2.3460E-13    1.7555E-13
     4  2p2p3Pe                     20    6.6727E-12    3.1650E-12    1.6000E-12    6.9770E-13
     5  2p2p1De                     20    2.0086E-12    1.0731E-12    5.9513E-13    3.3746E-13
     6  2p2p1Se                     20    3.6839E-13    2.1415E-13    1.2083E-13    8.8838E-14
     7  2s3s3Se                     20    4.6946E-14    3.3995E-14    2.8147E-14    3.3591E-14
     8  2s3s1Se                     20    1.3252E-14    9.7839E-15    7.3818E-15    7.5249E-15
     9  2s3p1Po                     20    7.9144E-14    5.6667E-14    4.2563E-14    4.1620E-14
    10  2s3p3Po                     20    2.4119E-13    1.6739E-13    1.1870E-13    9.6855E-14
    11  2s3d3De                     20    3.6350E-13    2.3299E-13    1.4632E-13    1.0234E-13
    12  2s3d1De                     20    8.8863E-14    6.1771E-14    3.9110E-14    2.9597E-14
    13  2p3s3Po                     20    2.8999E-14    2.7292E-14    4.0186E-14    5.5200E-14
    14  2s4s3Se                     20    2.6999E-14    1.5918E-14    9.6553E-15    1.2140E-14
    15  2p3s1Po                     20    2.2109E-14    1.4355E-14    1.4570E-14    2.3065E-14
    16  2s4s1Se                     20    2.3939E-15    2.3958E-15    2.0837E-15    2.6117E-15
    17  2s4p3Po                     20    9.6068E-14    6.4907E-14    4.7162E-14    3.8694E-14
    18  2p3p1Pe                     20    1.4215E-14    1.2063E-14    1.5361E-14    1.8912E-14
    19  2s4d3De                     20    8.3261E-13    3.9444E-13    1.9858E-13    1.2202E-13
    20  2s4f3Fo                     20    1.0924E-12    5.8387E-13    2.2688E-13    1.1648E-13
    21  2s4p1Po                     20    3.4728E-14    2.2392E-14    1.6001E-14    1.9139E-14
    22  2s4f1Fo                     20    3.6966E-13    1.1512E-13    5.1745E-14    3.3147E-14
    23  2p3p3De                     20    5.4215E-13    3.0884E-13    1.9615E-13    1.3043E-13
    24  2s4d1De                     20    1.8898E-13    1.0532E-13    5.5378E-14    2.9196E-14
    25  2p3p3Se                     20    1.4595E-13    6.3875E-14    5.1996E-14    4.2925E-14
    26  2p3p3Pe                     20    7.0668E-13    3.6586E-13    1.1625E-13    7.4282E-14
    27  2p3d1Do                     20    7.3527E-13    2.3561E-13    4.5756E-14    5.8582E-14
    28  2p3p1De                     20    2.0972E-13    1.0808E-13    6.1058E-14    5.3751E-14
    29  2p3d3Fo                     20    2.6180E-12    1.0743E-12    4.9806E-13    2.7388E-13
    30  2p3d3Do                     20    2.0074E-12    4.7735E-13    1.0926E-13    1.2327E-13
    31  2s5s1Se                     20    1.9681E-14    1.6046E-14    1.0281E-14    8.1138E-15
    32  2s5s3Se                     20    2.6802E-14    2.3072E-14    1.7196E-14    1.2088E-14
    33  2p3d3Po                     20    6.4910E-13    2.9408E-13    1.0826E-13    4.0638E-13
    34  2p3d1Fo                     20    4.7463E-13    2.4125E-13    1.1096E-13    7.7616E-14
    35  2s5p1Po                     20    5.0207E-14    3.6633E-14    2.7362E-14    1.8142E-14
    36  2s5p3Po                     20    2.1440E-13    8.3738E-14    6.6127E-14    1.1787E-13
    37  2p3p1Se                     20    3.3502E-14    2.5236E-14    1.2956E-14    8.3205E-15
    38  2s5d3De                     20    1.1810E-13    1.2636E-13    1.0022E-13    6.4432E-14
    39  2s5g3Ge                     20    8.8009E-14    1.7157E-13    1.5960E-13    8.8309E-14
    40  2s5g1Ge                     20    1.7870E-14    2.7279E-14    2.4364E-14    1.3459E-14
    41  2s5d1De                     20    2.5669E-14    2.7264E-14    2.2103E-14    1.5880E-14
    42  2p3d1Po                     20    1.6150E-13    1.4095E-13    7.5085E-14    4.0891E-14
    43  2s5f3Fo                     20    2.2658E-13    2.2393E-13    1.6865E-13    1.3213E-13
    44  2s5f1Fo                     20    2.2963E-13    1.1445E-13    6.4441E-14    4.8397E-14
    45  2s6s3Se                     20    6.3820E-15    1.1331E-14    1.3146E-14    1.0051E-14
    46  2s6s1Se                     20    4.4398E-15    5.8158E-15    4.9383E-15    3.6707E-15
    47  2s6p3Po                     20    3.8511E-14    4.1078E-14    3.5714E-14    2.5891E-14
    48  2s6p1Po                     20    1.0673E-14    1.0117E-14    7.4843E-15    6.1346E-15
    49  2s6d3De                     20    5.6219E-14    6.8976E-14    7.3231E-14    5.3163E-14
    50  2s6g1Ge                     20    1.3970E-14    1.5750E-14    1.6775E-14    1.0908E-14
    51  2s6g3Ge                     20    4.7678E-14    8.3130E-14    1.0366E-13    6.9405E-14
    52  2s6d1De                     20    1.3757E-14    1.5179E-14    1.5455E-14    1.2160E-14
    53  2s6h1Ho                     20    7.0719E-15    1.9051E-14    2.6107E-14    1.7773E-14
    54  2s6h3Ho                     20    2.4176E-14    7.4031E-14    1.0263E-13    7.0046E-14
    55  2s6f3Fo                     20    7.2461E-14    9.3864E-14    1.0018E-13    8.2690E-14
    56  2s6f1Fo                     20    3.3400E-14    2.8333E-14    2.4839E-14    1.8355E-14
    57  2s7s3Se                     20    3.2214E-15    7.3600E-15    1.1199E-14    9.1242E-15
    58  2s7s1Se                     20    1.7851E-15    2.8819E-15    3.8441E-15    3.0886E-15
    59  2s7p1Po                     20    4.9354E-15    5.3165E-15    5.9550E-15    5.0039E-15
    60  2s7p3Po                     20    2.2016E-14    2.4352E-14    2.9543E-14    2.4042E-14
    61  2s7d3De                     20    3.5138E-14    4.5434E-14    5.8634E-14    8.0736E-14
    62  2s7g3Ge                     20    3.7805E-14    5.4819E-14    7.8379E-14    5.8633E-14
    63  2s7g1Ge                     20    1.2075E-14    1.2545E-14    1.5144E-14    1.0924E-14
    64  2s7d1De                     20    9.2476E-15    1.0702E-14    1.3119E-14    1.1308E-14
    65  2s7h3Ho                     20    2.3324E-14    4.7835E-14    7.7093E-14    5.8938E-14
    66  2s7h1Ho                     20    7.2993E-15    1.1072E-14    1.6419E-14    1.2361E-14
    67  2s7i1Ie                     20    2.6333E-15    8.5363E-15    1.5060E-14    1.1769E-14
    68  2s7i3Ie                     20    1.1185E-14    5.9052E-14    1.0842E-13    8.4924E-14
    69  2s7f3Fo                     20    4.2940E-14    5.3408E-14    6.9049E-14    5.6426E-14
    70  2s7f1Fo                     20    1.5902E-14    1.5261E-14    1.7726E-14    2.0590E-14
    71  2s8s3Se                     20    1.9993E-15    5.1939E-15    9.6171E-15    8.4382E-15
    72  2s8s1Se                     20    9.8043E-16    1.8826E-15    3.0947E-15    2.7670E-15
    73  2s8p1Po                     20    3.0476E-15    3.7384E-15    4.9389E-15    4.6401E-15
    74  2s8p3Po                     20    1.4325E-14    1.6783E-14    2.2436E-14    1.9521E-14
    75  2s8d3De                     20    2.3538E-14    2.6455E-14    3.5020E-14    2.9560E-14
    76  2s8g3Ge                     20    3.0029E-14    3.6788E-14    5.5685E-14    4.4610E-14
    77  2s8g1Ge                     20    9.8879E-15    9.5527E-15    1.2255E-14    9.4680E-15
    78  2s8d1De                     20    6.6042E-15    8.0569E-15    1.1310E-14    1.0492E-14
    79  2s8f3Fo                     20    2.9856E-14    3.4342E-14    4.6566E-14    4.0196E-14
    80  2s8h3Ho                     20    2.1355E-14    2.6148E-14    4.0502E-14    3.2640E-14
    81  2s8h1Ho                     20    7.1535E-15    9.2453E-15    1.4704E-14    1.1910E-14
    82  2s8i1Ie                     20    5.5259E-15    3.6782E-14    8.1046E-14    6.9127E-14
    83  2s8i3Ie                     20    1.0978E-14    2.3150E-14    4.3979E-14    3.6748E-14
    84  2s8z1Z                       2    8.3792E-15    4.5106E-15    2.1822E-15    9.5402E-16
    85  2s8z3Z                       2    2.5138E-14    1.3532E-14    6.5466E-15    2.8621E-15
    86  2s8f1Fo                     20    1.0415E-14    1.1546E-14    1.5456E-14    1.3215E-14
    87  2s9s3Se                     20    1.3431E-15    3.8872E-15    8.2427E-15    7.7032E-15
    88  2s9s1Se                     20    6.3937E-16    1.4390E-15    2.7369E-15    2.5760E-15
    89  2s9p1Po                     20    1.8373E-15    2.6423E-15    4.3375E-15    4.4677E-15
    90  2s9p3Po                     20    1.0288E-14    1.2249E-14    1.8279E-14    1.6936E-14
    91  2s9d3De                     20    1.6859E-14    2.0003E-14    3.0166E-14    2.6912E-14
    92  2s9g3Ge                     20    2.3911E-14    2.6460E-14    4.0725E-14    3.4033E-14
    93  2s9g1Ge                     20    7.9774E-15    7.7270E-15    1.0708E-14    8.7420E-15
    94  2s9f3Fo                     20    2.2104E-14    2.5982E-14    3.9626E-14    3.5608E-14
    95  2s9d1De                     20    4.8937E-15    6.2040E-15    9.8650E-15    9.2959E-15
    96  2s9f1Fo                     20    7.5424E-15    8.6682E-15    1.3042E-14    1.2054E-14
    97  2s9h3Ho                     20    1.9182E-14    2.2434E-14    3.7285E-14    3.1699E-14
    98  2s9h1Ho                     20    6.4124E-15    7.8100E-15    1.3271E-14    1.1332E-14
    99  2s9i1Ie                     20    4.8720E-15    2.3328E-14    5.5929E-14    5.0380E-14
   100  2s9i3Ie                     20    1.2075E-14    1.9953E-14    3.9359E-14    3.4514E-14
   101  2s9z3Z                       2    3.0682E-14    1.5596E-14    7.1335E-15    2.9796E-15
   102  2s9z1Z                       2    1.0227E-14    5.1986E-15    2.3778E-15    9.9322E-16
   103  2s10s3Se                    20    9.7276E-16    3.1574E-15    7.4749E-15    8.9222E-15
   104  2s10s1Se                    20    4.5531E-16    1.1325E-15    2.4529E-15    2.6169E-15
   105  2s10p1Po                    20    1.0481E-15    1.8195E-15    3.5251E-15    6.1485E-15
   106  2s10p3Po                    20    7.6676E-15    9.6490E-15    1.6656E-14    4.1851E-14
   107  2s10d3De                    20    1.2535E-14    1.5944E-14    3.0876E-14    2.8316E-13
   108  2s10g3Ge                    20    1.8896E-14    1.4286E-14    1.5703E-14    1.2395E-14
   109  2s10g1Ge                    20    6.3297E-15    3.8297E-15    2.5641E-15    1.6009E-15
   110  2s10f3Fo                    20    1.6689E-14    1.7222E-14    2.8095E-14    2.4362E-13
   111  2s10d1De                    20    3.6898E-15    3.5254E-15    5.8961E-15    8.8691E-14
   112  2s10f1Fo                    20    5.5449E-15    5.6937E-15    1.7472E-14    6.3781E-13
   113  2s10h1Ho                    20    5.4092E-15    3.4713E-15    3.1428E-15    2.3012E-15
   114  2s10h3Ho                    20    1.6257E-14    1.1058E-14    1.1248E-14    8.6299E-15
   115  2s10i3Ie                    20    1.1401E-14    6.4878E-15    4.9855E-15    3.3962E-15
   116  2s10i1Ie                    20    3.8003E-15    2.1635E-15    1.6642E-15    1.1345E-15
   117  2s10z3Z                      2    8.8020E-15    4.0209E-15    1.6760E-15    6.5355E-16
   118  2s10z1Z                      2    2.9340E-15    1.3403E-15    5.5866E-16    2.1785E-16
   119  2s11s3Se                     2    1.9466E-15    1.3152E-15    8.7398E-16    5.7047E-16
   120  2s11s1Se                     2    6.4245E-16    4.3396E-16    2.8832E-16    1.8815E-16
   121  2s11p1Po                     2    1.9598E-15    1.3064E-15    8.4509E-16    5.2473E-16
   122  2s11p3Po                     2    5.7521E-15    3.8316E-15    2.4760E-15    1.5352E-15
   123  2s11d3De                     2    9.4946E-15    6.1105E-15    3.7240E-15    2.1124E-15
   124  2s11g3Ge                     2    1.4155E-14    8.0509E-15    4.1573E-15    1.9418E-15
   125  2s11g1Ge                     2    4.7185E-15    2.6836E-15    1.3858E-15    6.4727E-16
   126  2s11d1De                     2    3.1204E-15    2.0066E-15    1.2215E-15    6.9184E-16
   127  2s11h3Ho                     2    1.3337E-14    7.0544E-15    3.3632E-15    1.4570E-15
   128  2s11h1Ho                     2    4.4458E-15    2.3515E-15    1.1211E-15    4.8568E-16
   129  2s11i3Ie                     2    1.0461E-14    5.1646E-15    2.3017E-15    9.4271E-16
   130  2s11i1Ie                     2    3.4871E-15    1.7215E-15    7.6724E-16    3.1424E-16
   131  2s11z3Z                      2    1.1089E-14    5.0219E-15    2.0805E-15    8.0816E-16
   132  2s11z1Z                      2    3.6965E-15    1.6740E-15    6.9348E-16    2.6939E-16
   133  2s11f3Fo                     2    1.2533E-14    7.6280E-15    4.2880E-15    2.1959E-15
   134  2s11f1Fo                     2    4.1732E-15    2.5397E-15    1.4275E-15    7.3094E-16
   135  2s12s3Se                     2    1.5353E-15    1.0314E-15    6.8148E-16    4.4252E-16
   136  2s12s1Se                     2    5.0709E-16    3.4060E-16    2.2500E-16    1.4607E-16
   137  2s12p1Po                     2    1.5452E-15    1.0248E-15    6.5952E-16    4.0764E-16
   138  2s12p3Po                     2    4.5431E-15    3.0109E-15    1.9359E-15    1.1950E-15
   139  2s12d3De                     2    7.5174E-15    4.8185E-15    2.9255E-15    1.6542E-15
   140  2s12g3Ge                     2    1.1537E-14    6.5491E-15    3.3765E-15    1.5753E-15
   141  2s12g1Ge                     2    3.8456E-15    2.1830E-15    1.1255E-15    5.2510E-16
   142  2s12d1De                     2    2.4734E-15    1.5842E-15    9.6079E-16    5.4256E-16
   143  2s12h3Ho                     2    1.1291E-14    5.9645E-15    2.8410E-15    1.2301E-15
   144  2s12h1Ho                     2    3.7635E-15    1.9882E-15    9.4699E-16    4.1002E-16
   145  2s12i3Ie                     2    9.4341E-15    4.6533E-15    2.0728E-15    8.4874E-16
   146  2s12i1Ie                     2    3.1447E-15    1.5511E-15    6.9095E-16    2.8291E-16
   147  2s12z3Z                      2    1.2627E-14    5.6703E-15    2.3359E-15    9.0420E-16
   148  2s12z1Z                      2    4.2091E-15    1.8901E-15    7.7863E-16    3.0140E-16
   149  2s12f3Fo                     2    1.0016E-14    6.0787E-15    3.4087E-15    1.7423E-15
   150  2s12f1Fo                     2    3.3353E-15    2.0241E-15    1.1349E-15    5.8001E-16
   151  2s13s3Se                     2    1.2335E-15    8.2422E-16    5.4176E-16    3.5017E-16
   152  2s13s1Se                     2    4.0769E-16    2.7237E-16    1.7900E-16    1.1567E-16
   153  2s13p1Po                     2    1.2411E-15    8.1908E-16    5.2467E-16    3.2297E-16
   154  2s13p3Po                     2    3.6545E-15    2.4102E-15    1.5426E-15    9.4846E-16
   155  2s13d3De                     2    6.0575E-15    3.8676E-15    2.3399E-15    1.3192E-15
   156  2s13g3Ge                     2    9.4969E-15    5.3808E-15    2.7699E-15    1.2908E-15
   157  2s13g1Ge                     2    3.1656E-15    1.7936E-15    9.2330E-16    4.3028E-16
   158  2s13d1De                     2    1.9949E-15    1.2728E-15    7.6928E-16    4.3320E-16
   159  2s13h3Ho                     2    9.5590E-15    5.0434E-15    2.4001E-15    1.0385E-15
   160  2s13h1Ho                     2    3.1863E-15    1.6811E-15    8.0004E-16    3.4618E-16
   161  2s13i3Ie                     2    8.3644E-15    4.1220E-15    1.8353E-15    7.5122E-16
   162  2s13i1Ie                     2    2.7881E-15    1.3740E-15    6.1175E-16    2.5041E-16
   163  2s13z3Z                      2    1.3531E-14    6.0287E-15    2.4708E-15    9.5330E-16
   164  2s13z1Z                      2    4.5104E-15    2.0096E-15    8.2359E-16    3.1777E-16
   165  2s13f3Fo                     2    8.1258E-15    4.9181E-15    2.7514E-15    1.4037E-15
   166  2s13f1Fo                     2    2.7062E-15    1.6378E-15    9.1613E-16    4.6735E-16
   167  2s14s3Se                     2    1.0067E-15    6.6933E-16    4.3785E-16    2.8184E-16
   168  2s14s1Se                     2    3.3293E-16    2.2131E-16    1.4475E-16    9.3158E-17
   169  2s14p1Po                     2    1.0127E-15    6.6526E-16    4.2429E-16    2.6022E-16
   170  2s14p3Po                     2    2.9857E-15    1.9601E-15    1.2492E-15    7.6533E-16
   171  2p4p1Pe                     20    3.4228E-15    3.3400E-15    4.2090E-15    6.7353E-15
   172  2s14d3De                     2    4.9551E-15    3.1519E-15    1.9006E-15    1.0687E-15
   173  2s14g3Ge                     2    7.8948E-15    4.4649E-15    2.2950E-15    1.0683E-15
   174  2s14g1Ge                     2    2.6316E-15    1.4883E-15    7.6499E-16    3.5611E-16
   175  2s14d1De                     2    1.6332E-15    1.0382E-15    6.2546E-16    3.5131E-16
   176  2s14h3Ho                     2    8.1183E-15    4.2783E-15    2.0342E-15    8.7966E-16
   177  2s14h1Ho                     2    2.7061E-15    1.4261E-15    6.7808E-16    2.9322E-16
   178  2s14i3Ie                     2    7.3550E-15    3.6222E-15    1.6119E-15    6.5958E-16
   179  2s14i1Ie                     2    2.4517E-15    1.2074E-15    5.3731E-16    2.1986E-16
   180  2s14z3Z                      2    1.3944E-14    6.1703E-15    2.5169E-15    9.6821E-16
   181  2s14z1Z                      2    4.6479E-15    2.0568E-15    8.3896E-16    3.2274E-16
   182  2s14f3Fo                     2    6.6814E-15    4.0331E-15    2.2512E-15    1.1465E-15
   183  2s14f1Fo                     2    2.2253E-15    1.3431E-15    7.4963E-16    3.8176E-16
   184  2s15w3W                      3    4.6813E-14    2.4720E-14    1.2302E-14    5.8120E-15
   185  2s15w1W                      3    1.5604E-14    8.2399E-15    4.1005E-15    1.9373E-15
   186  2s16w3W                      3    4.1781E-14    2.1803E-14    1.0736E-14    5.0268E-15
   187  2s16w1W                      3    1.3927E-14    7.2677E-15    3.5787E-15    1.6756E-15
   188  2s17w3W                      3    4.8933E-14    2.5289E-14    1.2347E-14    5.7403E-15
   189  2s17w1W                      3    1.6311E-14    8.4296E-15    4.1157E-15    1.9134E-15
   190  2s18w3W                      3    3.3746E-14    1.7244E-14    8.3348E-15    3.8419E-15
   191  2s18w1W                      3    1.1249E-14    5.7479E-15    2.7783E-15    1.2806E-15
   192  2s19w3W                      3    3.0517E-14    1.5448E-14    7.4059E-15    3.3904E-15
   193  2s19w1W                      3    1.0172E-14    5.1493E-15    2.4686E-15    1.1301E-15
   194  2s20w3W                      3    2.7699E-14    1.3899E-14    6.6133E-15    3.0085E-15
   195  2s20w1W                      3    9.2330E-15    4.6331E-15    2.2044E-15    1.0028E-15
   196  2s21w3W                      3    2.5228E-14    1.2556E-14    5.9325E-15    2.6831E-15
   197  2s21w1W                      3    8.4093E-15    4.1854E-15    1.9775E-15    8.9438E-16
   198  2s22w3W                      3    2.3051E-14    1.1385E-14    5.3442E-15    2.4041E-15
   199  2s22w1W                      3    7.6835E-15    3.7951E-15    1.7814E-15    8.0135E-16
   200  2s23w3W                      3    2.1124E-14    1.0359E-14    4.8330E-15    2.1632E-15
   201  2s23w1W                      3    7.0412E-15    3.4530E-15    1.6110E-15    7.2107E-16
   202  2p4p3Pe                     20    9.9990E-15    1.5589E-14    2.0160E-14    2.9006E-14
   203  2s24w3W                      3    1.9411E-14    9.4555E-15    4.3864E-15    1.9542E-15
   204  2s24w1W                      3    6.4704E-15    3.1518E-15    1.4621E-15    6.5140E-16
   205  2s25w3W                      3    1.7884E-14    8.6568E-15    3.9945E-15    1.7718E-15
   206  2s25w1W                      3    5.9614E-15    2.8856E-15    1.3315E-15    5.9061E-16
   207  2s26w3W                      3    1.6518E-14    7.9477E-15    3.6490E-15    1.6120E-15
   208  2s26w1W                      3    5.5059E-15    2.6492E-15    1.2163E-15    5.3733E-16
   209  2s27w3W                      3    1.5291E-14    7.3160E-15    3.3432E-15    1.4712E-15
   210  2s27w1W                      3    5.0969E-15    2.4387E-15    1.1144E-15    4.9040E-16
   211  2s28w3W                      3    1.4186E-14    6.7512E-15    3.0714E-15    1.3467E-15
   212  2s28w1W                      3    4.7286E-15    2.2504E-15    1.0238E-15    4.4890E-16
   213  2s29w3W                      3    1.3187E-14    6.2444E-15    2.8290E-15    1.2362E-15
   214  2s29w1W                      3    4.3958E-15    2.0815E-15    9.4299E-16    4.1206E-16
   215  2s30w3W                      3    1.2283E-14    5.7884E-15    2.6120E-15    1.1377E-15
   216  2s30w1W                      3    4.0944E-15    1.9295E-15    8.7066E-16    3.7923E-16
   217  2p4d1Do                     20    9.6169E-16    1.8728E-15    4.6537E-15    4.9664E-15

        Sum                               2.5402E-11    1.3665E-11    8.5463E-12    7.3424E-12
