Index            R          TAU            V            T           Na        Ne/Na        Xross       Xr/Xes          Gam
    1   4.8000E+03   1.8637E-04   2.3509E+03   4.5440E+00   4.3320E+06   1.0899E+00   3.9831E-08   1.2686E+00   8.7054E-01
    2   4.6624E+03   1.9202E-04   2.3495E+03   4.5440E+00   4.5943E+06   1.0899E+00   4.2242E-08   1.2686E+00   8.7054E-01
    3   4.3739E+03   2.0502E-04   2.3462E+03   4.5440E+00   5.2275E+06   1.0896E+00   4.8049E-08   1.2686E+00   8.7054E-01
    4   3.6407E+03   2.4748E-04   2.3379E+03   4.5440E+00   7.5721E+06   1.0790E+00   6.8926E-08   1.2686E+00   8.7054E-01
    5   2.8042E+03   3.2331E-04   2.3202E+03   4.5440E+00   1.2860E+07   1.0670E+00   1.1576E-07   1.2686E+00   8.7054E-01
    6   2.1699E+03   4.2045E-04   2.2874E+03   4.5440E+00   2.1787E+07   1.0913E+00   2.0058E-07   1.2686E+00   8.7054E-01
    7   1.6838E+03   5.4677E-04   2.2644E+03   4.5440E+00   3.6549E+07   1.0801E+00   3.3302E-07   1.2686E+00   8.7054E-01
    8   1.3073E+03   7.1105E-04   2.2286E+03   4.5440E+00   6.1603E+07   1.0618E+00   5.5180E-07   1.2686E+00   8.7054E-01
    9   1.0167E+03   9.2468E-04   2.1713E+03   4.5440E+00   1.0454E+08   1.0680E+00   9.4189E-07   1.2686E+00   8.7054E-01
   10   7.9382E+02   1.2025E-03   2.0991E+03   4.5440E+00   1.7739E+08   1.0911E+00   1.6328E-06   1.2686E+00   8.7054E-01
   11   6.2328E+02   1.5638E-03   2.0288E+03   4.5440E+00   2.9771E+08   1.0773E+00   2.7055E-06   1.2686E+00   8.7054E-01
   12   4.9113E+02   2.0336E-03   1.9301E+03   4.5440E+00   5.0401E+08   1.0652E+00   4.5288E-06   1.2686E+00   8.7054E-01
   13   3.8954E+02   2.6447E-03   1.7942E+03   4.5440E+00   8.6188E+08   1.0809E+00   7.8591E-06   1.2686E+00   8.7054E-01
   14   3.1250E+02   3.4393E-03   1.6516E+03   4.5440E+00   1.4548E+09   1.0860E+00   1.3328E-05   1.2686E+00   8.7054E-01
   15   2.5292E+02   4.4726E-03   1.4771E+03   4.5440E+00   2.4833E+09   1.0718E+00   2.2453E-05   1.2686E+00   8.7054E-01
   16   2.0783E+02   5.8164E-03   1.2640E+03   4.5440E+00   4.2978E+09   1.0717E+00   3.8855E-05   1.2686E+00   8.7054E-01
   17   1.7403E+02   7.5639E-03   1.0445E+03   4.5440E+00   7.4178E+09   1.0944E+00   6.8481E-05   1.2686E+00   8.7054E-01
   18   1.4873E+02   9.8365E-03   8.1503E+02   4.5440E+00   1.3015E+10   1.0917E+00   1.1985E-04   1.2686E+00   8.7054E-01
   19   1.3022E+02   1.2793E-02   5.9124E+02   4.5440E+00   2.3405E+10   1.0845E+00   2.1412E-04   1.2686E+00   8.7054E-01
   20   1.1716E+02   1.6612E-02   3.8884E+02   4.5440E+00   4.3960E+10   1.0906E+00   4.0444E-04   1.2686E+00   8.7054E-01
   21   1.0987E+02   2.0460E-02   2.5572E+02   4.5440E+00   7.6015E+10   1.0880E+00   6.9770E-04   1.2686E+00   8.7054E-01
   22   1.0552E+02   2.4337E-02   1.6739E+02   4.5440E+00   1.2588E+11   1.0875E+00   1.1549E-03   1.2686E+00   8.7054E-01
   23   1.0291E+02   2.8134E-02   1.1025E+02   4.5440E+00   2.0097E+11   1.0907E+00   1.8491E-03   1.2686E+00   8.7054E-01
   24   1.0129E+02   3.1849E-02   7.2288E+01   4.5440E+00   3.1639E+11   1.0877E+00   2.9033E-03   1.2686E+00   8.7054E-01
   25   1.0036E+02   3.5165E-02   4.7411E+01   4.5440E+00   4.9134E+11   1.0883E+00   4.5111E-03   1.2686E+00   8.7054E-01
   26   9.9803E+01   3.8280E-02   3.1031E+01   4.5440E+00   7.5915E+11   1.0907E+00   6.9852E-03   1.2686E+00   8.7054E-01
   27   9.9418E+01   4.1626E-02   2.0107E+01   4.5440E+00   1.1807E+12   1.0851E+00   1.0808E-02   1.2686E+00   8.7054E-01
   28   9.9137E+01   4.5454E-02   1.2746E+01   4.5440E+00   1.8732E+12   1.0967E+00   1.7555E-02   1.2851E+00   8.7054E-01
   29   9.8911E+01   5.0011E-02   8.7757E+00   4.4450E+00   2.7330E+12   1.0933E+00   2.4645E-02   1.2402E+00   8.5832E-01
   30   9.8570E+01   6.0481E-02   5.7664E+00   4.2009E+00   4.1881E+12   1.0931E+00   3.6982E-02   1.2148E+00   8.3603E-01
   31   9.8171E+01   7.8909E-02   3.9284E+00   4.2271E+00   6.1976E+12   1.0929E+00   5.6243E-02   1.2486E+00   8.5925E-01
   32   9.7815E+01   1.0267E-01   2.9355E+00   4.2603E+00   8.3545E+12   1.0929E+00   7.7384E-02   1.2744E+00   8.7699E-01
   33   9.7469E+01   1.3351E-01   2.2989E+00   4.3022E+00   1.0744E+13   1.0930E+00   1.0123E-01   1.2964E+00   8.9195E-01
   34   9.7119E+01   1.7363E-01   1.8709E+00   4.3549E+00   1.3297E+13   1.0931E+00   1.2774E-01   1.3215E+00   9.0937E-01
   35   9.6752E+01   2.2579E-01   1.5679E+00   4.4207E+00   1.5987E+13   1.0931E+00   1.5573E-01   1.3401E+00   9.2216E-01
   36   9.6357E+01   2.9363E-01   1.3353E+00   4.5021E+00   1.8926E+13   1.0930E+00   1.8590E-01   1.3513E+00   9.2994E-01
   37   9.5925E+01   3.8185E-01   1.1433E+00   4.6018E+00   2.2304E+13   1.0932E+00   2.2066E-01   1.3610E+00   9.3659E-01
   38   9.5450E+01   4.9658E-01   9.8753E-01   4.7225E+00   2.6080E+13   1.0931E+00   2.5930E-01   1.3678E+00   9.4160E-01
   39   9.4924E+01   6.4578E-01   8.4866E-01   4.8667E+00   3.0685E+13   1.0932E+00   3.0517E-01   1.3681E+00   9.4161E-01
   40   9.4347E+01   8.3981E-01   7.2384E-01   5.0370E+00   3.6418E+13   1.0932E+00   3.6217E-01   1.3680E+00   9.4146E-01
   41   9.3717E+01   1.0921E+00   6.0866E-01   5.2354E+00   4.3893E+13   1.0933E+00   4.3469E-01   1.3622E+00   9.3765E-01
   42   9.3043E+01   1.4203E+00   5.0452E-01   5.4637E+00   5.3724E+13   1.0935E+00   5.3216E-01   1.3622E+00   9.3789E-01
   43   9.2328E+01   1.8470E+00   4.1507E-01   5.7234E+00   6.6317E+13   1.0935E+00   6.5457E-01   1.3573E+00   9.3457E-01
   44   9.1578E+01   2.4019E+00   3.3298E-01   6.0157E+00   8.4026E+13   1.0937E+00   8.2074E-01   1.3430E+00   9.2457E-01
   45   9.0813E+01   3.1236E+00   2.6127E-01   6.3416E+00   1.0890E+14   1.0937E+00   1.0623E+00   1.3412E+00   9.2355E-01
   46   9.0042E+01   4.0621E+00   2.0656E-01   6.7019E+00   1.4011E+14   1.0940E+00   1.3601E+00   1.3344E+00   9.1905E-01
   47   8.9262E+01   5.2825E+00   1.6137E-01   7.0976E+00   1.8250E+14   1.0938E+00   1.7588E+00   1.3250E+00   9.1261E-01
   48   8.8482E+01   6.8696E+00   1.2562E-01   7.5297E+00   2.3859E+14   1.0941E+00   2.2937E+00   1.3213E+00   9.1014E-01
   49   8.7701E+01   8.9336E+00   9.8720E-02   7.9992E+00   3.0902E+14   1.0939E+00   2.9629E+00   1.3180E+00   9.0796E-01
   50   8.6914E+01   1.1618E+01   7.7421E-02   8.5076E+00   4.0121E+14   1.0941E+00   3.8142E+00   1.3066E+00   8.9997E-01
   51   8.6124E+01   1.5108E+01   6.0437E-02   9.0564E+00   5.2343E+14   1.0943E+00   4.9744E+00   1.3059E+00   8.9987E-01
   52   8.5331E+01   1.9648E+01   4.7803E-02   9.6473E+00   6.7414E+14   1.0944E+00   6.3885E+00   1.3022E+00   8.9730E-01
   53   8.4527E+01   2.5551E+01   3.7717E-02   1.0283E+01   8.7074E+14   1.0943E+00   8.1883E+00   1.2922E+00   8.9025E-01
   54   8.3715E+01   3.3228E+01   2.9621E-02   1.0964E+01   1.1303E+15   1.0946E+00   1.0616E+01   1.2903E+00   8.8926E-01
   55   8.2898E+01   4.3211E+01   2.3456E-02   1.1695E+01   1.4557E+15   1.0947E+00   1.3610E+01   1.2844E+00   8.8519E-01
   56   8.2069E+01   5.6194E+01   1.8443E-02   1.2478E+01   1.8890E+15   1.0947E+00   1.7489E+01   1.2718E+00   8.7634E-01
   57   8.1220E+01   7.3417E+01   1.4351E-02   1.3331E+01   2.4786E+15   1.0946E+00   2.2835E+01   1.2657E+00   8.7209E-01
   58   8.0630E+01   8.8406E+01   1.2112E-02   1.3960E+01   2.9798E+15   1.0940E+00   2.7414E+01   1.2646E+00   8.7066E-01
   59   8.0334E+01   9.7007E+01   1.1137E-02   1.4285E+01   3.2648E+15   1.0942E+00   2.9941E+01   1.2604E+00   8.6785E-01
   60   8.0237E+01   1.0000E+02   1.0825E-02   1.4393E+01   3.3669E+15   1.0946E+00   3.0811E+01   1.2571E+00   8.6652E-01
