    4.8000E+03    2.3524E+03
    4.7094E+03    2.3515E+03
    4.5211E+03    2.3495E+03
    4.1028E+03    2.3443E+03
    3.4056E+03    2.3329E+03
    2.4326E+03    2.3061E+03
    1.7375E+03    2.2685E+03
    1.2411E+03    2.2159E+03
    8.8650E+02    2.1423E+03
    6.3322E+02    2.0392E+03
    4.5230E+02    1.8948E+03
    3.2307E+02    1.6928E+03
    2.3076E+02    1.4099E+03
    1.8145E+02    1.1408E+03
    1.5335E+02    9.1006E+02
    1.3591E+02    7.1891E+02
    1.2444E+02    5.6399E+02
    1.1659E+02    4.4025E+02
    1.1104E+02    3.4241E+02
    1.0705E+02    2.6560E+02
    1.0412E+02    2.0561E+02
    1.0195E+02    1.5892E+02
    1.0033E+02    1.2270E+02
    9.9109E+01    9.4655E+01
    9.8190E+01    7.3036E+01
    9.7513E+01    5.6572E+01
    9.7040E+01    4.4134E+01
    9.6717E+01    3.4488E+01
    9.6488E+01    2.6794E+01
    9.6316E+01    2.0644E+01
    9.6180E+01    1.5784E+01
    9.6000E+01    1.0000E+01
    4.8000E+03    4.3293E+06    8.7548E-01    4.0032E-08    1.0897E+00    4.7177E+06    4.5440E+00    5.6759E-05
    4.7094E+03    4.4993E+06    8.7548E-01    4.1604E-08    1.0897E+00    4.9030E+06    4.5440E+00    5.8987E-05
    4.5211E+03    4.8860E+06    8.7548E-01    4.5179E-08    1.0897E+00    5.3244E+06    4.5440E+00    6.4057E-05
    4.1028E+03    5.9461E+06    8.7548E-01    5.4982E-08    1.0897E+00    6.4797E+06    4.5440E+00    7.7956E-05
    3.4056E+03    8.6722E+06    8.7548E-01    8.0189E-08    1.0897E+00    9.4503E+06    4.5440E+00    1.1369E-04
    2.4326E+03    1.7195E+07    8.7548E-01    1.5900E-07    1.0897E+00    1.8738E+07    4.5440E+00    2.2544E-04
    1.7375E+03    3.4261E+07    8.7548E-01    3.1680E-07    1.0897E+00    3.7335E+07    4.5440E+00    4.4917E-04
    1.2411E+03    6.8745E+07    8.7548E-01    6.3567E-07    1.0897E+00    7.4913E+07    4.5440E+00    9.0127E-04
    8.8650E+02    1.3937E+08    8.7548E-01    1.2887E-06    1.0897E+00    1.5188E+08    4.5440E+00    1.8272E-03
    6.3322E+02    2.8698E+08    8.7548E-01    2.6536E-06    1.0897E+00    3.1273E+08    4.5440E+00    3.7624E-03
    4.5230E+02    6.0532E+08    8.7548E-01    5.5973E-06    1.0897E+00    6.5964E+08    4.5440E+00    7.9360E-03
    3.2307E+02    1.3281E+09    8.7548E-01    1.2280E-05    1.0897E+00    1.4472E+09    4.5440E+00    1.7411E-02
    2.3076E+02    3.1253E+09    8.7548E-01    2.8898E-05    1.0897E+00    3.4057E+09    4.5440E+00    4.0973E-02
    1.8145E+02    6.2474E+09    8.7548E-01    5.7768E-05    1.0897E+00    6.8079E+09    4.5440E+00    8.1905E-02
    1.5335E+02    1.0964E+10    8.7548E-01    1.0138E-04    1.0897E+00    1.1948E+10    4.5440E+00    1.4375E-01
    1.3591E+02    1.7669E+10    8.7548E-01    1.6338E-04    1.0897E+00    1.9255E+10    4.5440E+00    2.3165E-01
    1.2444E+02    2.6865E+10    8.7548E-01    2.4842E-04    1.0897E+00    2.9276E+10    4.5440E+00    3.5221E-01
    1.1659E+02    3.9211E+10    8.7548E-01    3.6258E-04    1.0897E+00    4.2730E+10    4.5440E+00    5.1407E-01
    1.1104E+02    5.5575E+10    8.7548E-01    5.1389E-04    1.0897E+00    6.0561E+10    4.5440E+00    7.2861E-01
    1.0705E+02    7.7097E+10    8.7548E-01    7.1289E-04    1.0897E+00    8.4014E+10    4.5440E+00    1.0108E+00
    1.0412E+02    1.0527E+11    8.7548E-01    9.7341E-04    1.0897E+00    1.1472E+11    4.5440E+00    1.3801E+00
    1.0195E+02    1.4205E+11    8.7548E-01    1.3135E-03    1.0897E+00    1.5480E+11    4.5440E+00    1.8623E+00
    1.0033E+02    1.8998E+11    8.7548E-01    1.7567E-03    1.0897E+00    2.0703E+11    4.5440E+00    2.4908E+00
    9.9109E+01    2.5237E+11    8.7548E-01    2.3336E-03    1.0897E+00    2.7502E+11    4.5440E+00    3.3087E+00
    9.8190E+01    3.3323E+11    8.7548E-01    3.0813E-03    1.0897E+00    3.6313E+11    4.5440E+00    4.3687E+00
    9.7513E+01    4.3620E+11    8.7548E-01    4.0334E-03    1.0897E+00    4.7533E+11    4.5440E+00    5.7187E+00
    9.7040E+01    5.6460E+11    8.7548E-01    5.2207E-03    1.0897E+00    6.1526E+11    4.5440E+00    7.4021E+00
    9.6717E+01    7.2735E+11    8.7548E-01    6.7256E-03    1.0897E+00    7.9261E+11    4.5440E+00    9.5358E+00
    9.6488E+01    9.4064E+11    8.7548E-01    8.6978E-03    1.0897E+00    1.0250E+12    4.5440E+00    1.2332E+01
    9.6316E+01    1.2252E+12    8.7548E-01    1.1329E-02    1.0897E+00    1.3352E+12    4.5440E+00    1.6063E+01
    9.6180E+01    1.6070E+12    8.7548E-01    1.4860E-02    1.0897E+00    1.7512E+12    4.5440E+00    2.1069E+01
    9.6000E+01    2.5461E+12    8.7548E-01    2.3543E-02    1.0897E+00    2.7745E+12    4.5440E+00    3.3380E+01
    4.8000E+03    2.3510E+03
    4.6968E+03    2.3499E+03
    4.4824E+03    2.3475E+03
    4.0059E+03    2.3413E+03
    3.2119E+03    2.3267E+03
    2.2942E+03    2.2974E+03
    1.6387E+03    2.2564E+03
    1.1705E+03    2.1990E+03
    8.3608E+02    2.1186E+03
    5.9720E+02    2.0060E+03
    4.2657E+02    1.8484E+03
    3.0469E+02    1.6278E+03
    2.2126E+02    1.3366E+03
    1.7784E+02    1.0769E+03
    1.5245E+02    8.5661E+02
    1.3643E+02    6.7531E+02
    1.2576E+02    5.2902E+02
    1.1839E+02    4.1251E+02
    1.1316E+02    3.2059E+02
    1.0937E+02    2.4853E+02
    1.0658E+02    1.9231E+02
    1.0451E+02    1.4862E+02
    1.0297E+02    1.1485E+02
    1.0184E+02    8.8955E+01
    1.0103E+02    6.9105E+01
    1.0045E+02    5.3668E+01
    1.0003E+02    4.1508E+01
    9.9703E+01    3.1922E+01
    9.9444E+01    2.4418E+01
    9.9231E+01    1.8596E+01
    9.8864E+01    1.0000E+01
    4.8000E+03    4.3319E+06    8.7075E-01    3.9840E-08    1.0899E+00    4.7214E+06    4.5440E+00    5.6798E-05
    4.6968E+03    4.5265E+06    8.7075E-01    4.1629E-08    1.0899E+00    4.9335E+06    4.5440E+00    5.9349E-05
    4.4824E+03    4.9749E+06    8.7075E-01    4.5753E-08    1.0899E+00    5.4223E+06    4.5440E+00    6.5229E-05
    4.0059E+03    6.2453E+06    8.7075E-01    5.7436E-08    1.0899E+00    6.8068E+06    4.5440E+00    8.1885E-05
    3.2119E+03    9.7756E+06    8.7075E-01    8.9904E-08    1.0899E+00    1.0655E+07    4.5440E+00    1.2817E-04
    2.2942E+03    1.9405E+07    8.7075E-01    1.7846E-07    1.0899E+00    2.1149E+07    4.5440E+00    2.5442E-04
    1.6387E+03    3.8725E+07    8.7075E-01    3.5614E-07    1.0899E+00    4.2207E+07    4.5440E+00    5.0774E-04
    1.1705E+03    7.7883E+07    8.7075E-01    7.1627E-07    1.0899E+00    8.4886E+07    4.5440E+00    1.0212E-03
    8.3608E+02    1.5844E+08    8.7075E-01    1.4572E-06    1.0899E+00    1.7269E+08    4.5440E+00    2.0774E-03
    5.9720E+02    3.2798E+08    8.7075E-01    3.0163E-06    1.0899E+00    3.5747E+08    4.5440E+00    4.3003E-03
    4.2657E+02    6.9765E+08    8.7075E-01    6.4161E-06    1.0899E+00    7.6038E+08    4.5440E+00    9.1472E-03
    3.0469E+02    1.5527E+09    8.7075E-01    1.4280E-05    1.0899E+00    1.6924E+09    4.5440E+00    2.0359E-02
    2.2126E+02    3.5859E+09    8.7075E-01    3.2979E-05    1.0899E+00    3.9083E+09    4.5440E+00    4.7017E-02
    1.7784E+02    6.8894E+09    8.7075E-01    6.3360E-05    1.0899E+00    7.5088E+09    4.5440E+00    9.0330E-02
    1.5245E+02    1.1786E+10    8.7075E-01    1.0839E-04    1.0899E+00    1.2845E+10    4.5440E+00    1.5453E-01
    1.3643E+02    1.8668E+10    8.7075E-01    1.7168E-04    1.0899E+00    2.0346E+10    4.5440E+00    2.4476E-01
    1.2576E+02    2.8045E+10    8.7075E-01    2.5792E-04    1.0899E+00    3.0566E+10    4.5440E+00    3.6771E-01
    1.1839E+02    4.0583E+10    8.7075E-01    3.7323E-04    1.0899E+00    4.4232E+10    4.5440E+00    5.3211E-01
    1.1316E+02    5.7162E+10    8.7075E-01    5.2571E-04    1.0899E+00    6.2302E+10    4.5440E+00    7.4948E-01
    1.0937E+02    7.8935E+10    8.7075E-01    7.2595E-04    1.0899E+00    8.6033E+10    4.5440E+00    1.0350E+00
    1.0658E+02    1.0741E+11    8.7075E-01    9.8785E-04    1.0899E+00    1.1707E+11    4.5440E+00    1.4084E+00
    1.0451E+02    1.4454E+11    8.7075E-01    1.3293E-03    1.0899E+00    1.5754E+11    4.5440E+00    1.8952E+00
    1.0297E+02    1.9268E+11    8.7075E-01    1.7720E-03    1.0899E+00    2.1000E+11    4.5440E+00    2.5263E+00
    1.0184E+02    2.5431E+11    8.7075E-01    2.3388E-03    1.0899E+00    2.7718E+11    4.5440E+00    3.3344E+00
    1.0103E+02    3.3264E+11    8.7075E-01    3.0592E-03    1.0899E+00    3.6255E+11    4.5440E+00    4.3614E+00
    1.0045E+02    4.3328E+11    8.7075E-01    3.9847E-03    1.0899E+00    4.7224E+11    4.5440E+00    5.6809E+00
    1.0003E+02    5.6498E+11    8.7075E-01    5.1960E-03    1.0899E+00    6.1578E+11    4.5440E+00    7.4077E+00
    9.9703E+01    7.3944E+11    8.7075E-01    6.8004E-03    1.0899E+00    8.0592E+11    4.5440E+00    9.6951E+00
    9.9444E+01    9.7172E+11    8.7075E-01    8.9366E-03    1.0899E+00    1.0591E+12    4.5440E+00    1.2741E+01
    9.9231E+01    1.2814E+12    8.7075E-01    1.1785E-02    1.0899E+00    1.3966E+12    4.5440E+00    1.6801E+01
    9.8864E+01    2.4007E+12    8.7075E-01    2.2078E-02    1.0899E+00    2.6165E+12    4.5440E+00    3.1476E+01
    4.8000E+03    2.3509E+03
    4.6967E+03    2.3498E+03
    4.4822E+03    2.3474E+03
    4.0056E+03    2.3412E+03
    3.2111E+03    2.3266E+03
    2.2937E+03    2.2973E+03
    1.6383E+03    2.2562E+03
    1.1702E+03    2.1986E+03
    8.3588E+02    2.1181E+03
    5.9706E+02    2.0053E+03
    4.2647E+02    1.8474E+03
    3.0462E+02    1.6264E+03
    2.2134E+02    1.3353E+03
    1.7796E+02    1.0758E+03
    1.5259E+02    8.5572E+02
    1.3658E+02    6.7459E+02
    1.2591E+02    5.2844E+02
    1.1854E+02    4.1206E+02
    1.1331E+02    3.2023E+02
    1.0951E+02    2.4825E+02
    1.0673E+02    1.9209E+02
    1.0466E+02    1.4845E+02
    1.0312E+02    1.1471E+02
    1.0199E+02    8.8850E+01
    1.0118E+02    6.9023E+01
    1.0060E+02    5.3606E+01
    1.0018E+02    4.1462E+01
    9.9850E+01    3.1888E+01
    9.9591E+01    2.4392E+01
    9.9379E+01    1.8577E+01
    9.9012E+01    1.0000E+01
    4.8000E+03    4.3320E+06    8.7051E-01    3.9830E-08    1.0899E+00    4.7216E+06    4.5440E+00    5.6800E-05
    4.6967E+03    4.5267E+06    8.7051E-01    4.1620E-08    1.0899E+00    4.9338E+06    4.5440E+00    5.9353E-05
    4.4822E+03    4.9754E+06    8.7051E-01    4.5745E-08    1.0899E+00    5.4229E+06    4.5440E+00    6.5236E-05
    4.0056E+03    6.2467E+06    8.7051E-01    5.7434E-08    1.0899E+00    6.8084E+06    4.5440E+00    8.1904E-05
    3.2111E+03    9.7807E+06    8.7051E-01    8.9926E-08    1.0899E+00    1.0660E+07    4.5440E+00    1.2824E-04
    2.2937E+03    1.9415E+07    8.7051E-01    1.7851E-07    1.0899E+00    2.1161E+07    4.5440E+00    2.5456E-04
    1.6383E+03    3.8747E+07    8.7051E-01    3.5625E-07    1.0899E+00    4.2231E+07    4.5440E+00    5.0803E-04
    1.1702E+03    7.7931E+07    8.7051E-01    7.1652E-07    1.0899E+00    8.4939E+07    4.5440E+00    1.0218E-03
    8.3588E+02    1.5855E+08    8.7051E-01    1.4578E-06    1.0899E+00    1.7281E+08    4.5440E+00    2.0789E-03
    5.9706E+02    3.2824E+08    8.7051E-01    3.0179E-06    1.0899E+00    3.5776E+08    4.5440E+00    4.3038E-03
    4.2647E+02    6.9833E+08    8.7051E-01    6.4206E-06    1.0899E+00    7.6113E+08    4.5440E+00    9.1562E-03
    3.0462E+02    1.5547E+09    8.7051E-01    1.4295E-05    1.0899E+00    1.6945E+09    4.5440E+00    2.0385E-02
    2.2134E+02    3.5868E+09    8.7051E-01    3.2978E-05    1.0899E+00    3.9093E+09    4.5440E+00    4.7028E-02
    1.7796E+02    6.8867E+09    8.7051E-01    6.3318E-05    1.0899E+00    7.5060E+09    4.5440E+00    9.0295E-02
    1.5259E+02    1.1776E+10    8.7051E-01    1.0827E-04    1.0899E+00    1.2835E+10    4.5440E+00    1.5440E-01
    1.3658E+02    1.8648E+10    8.7051E-01    1.7145E-04    1.0899E+00    2.0325E+10    4.5440E+00    2.4450E-01
    1.2591E+02    2.8009E+10    8.7051E-01    2.5752E-04    1.0899E+00    3.0528E+10    4.5440E+00    3.6724E-01
    1.1854E+02    4.0526E+10    8.7051E-01    3.7260E-04    1.0899E+00    4.4170E+10    4.5440E+00    5.3136E-01
    1.1331E+02    5.7075E+10    8.7051E-01    5.2476E-04    1.0899E+00    6.2208E+10    4.5440E+00    7.4835E-01
    1.0951E+02    7.8810E+10    8.7051E-01    7.2459E-04    1.0899E+00    8.5897E+10    4.5440E+00    1.0333E+00
    1.0673E+02    1.0724E+11    8.7051E-01    9.8595E-04    1.0899E+00    1.1688E+11    4.5440E+00    1.4060E+00
    1.0466E+02    1.4430E+11    8.7051E-01    1.3267E-03    1.0899E+00    1.5728E+11    4.5440E+00    1.8920E+00
    1.0312E+02    1.9235E+11    8.7051E-01    1.7685E-03    1.0899E+00    2.0965E+11    4.5440E+00    2.5220E+00
    1.0199E+02    2.5388E+11    8.7051E-01    2.3342E-03    1.0899E+00    2.7671E+11    4.5440E+00    3.3288E+00
    1.0118E+02    3.3207E+11    8.7051E-01    3.0531E-03    1.0899E+00    3.6193E+11    4.5440E+00    4.3539E+00
    1.0060E+02    4.3251E+11    8.7051E-01    3.9766E-03    1.0899E+00    4.7140E+11    4.5440E+00    5.6709E+00
    1.0018E+02    5.6395E+11    8.7051E-01    5.1851E-03    1.0899E+00    6.1466E+11    4.5440E+00    7.3943E+00
    9.9850E+01    7.3806E+11    8.7051E-01    6.7858E-03    1.0899E+00    8.0443E+11    4.5440E+00    9.6771E+00
    9.9591E+01    9.6987E+11    8.7051E-01    8.9172E-03    1.0899E+00    1.0571E+12    4.5440E+00    1.2717E+01
    9.9379E+01    1.2789E+12    8.7051E-01    1.1759E-02    1.0899E+00    1.3939E+12    4.5440E+00    1.6769E+01
    9.9012E+01    2.3935E+12    8.7051E-01    2.2006E-02    1.0899E+00    2.6087E+12    4.5440E+00    3.1383E+01
    4.8000E+03    2.3509E+03
    4.6967E+03    2.3498E+03
    4.4823E+03    2.3474E+03
    4.0056E+03    2.3412E+03
    3.2113E+03    2.3266E+03
    2.2938E+03    2.2973E+03
    1.6384E+03    2.2562E+03
    1.1703E+03    2.1987E+03
    8.3592E+02    2.1182E+03
    5.9709E+02    2.0054E+03
    4.2649E+02    1.8476E+03
    3.0464E+02    1.6266E+03
    2.2133E+02    1.3355E+03
    1.7794E+02    1.0760E+03
    1.5258E+02    8.5585E+02
    1.3656E+02    6.7469E+02
    1.2589E+02    5.2852E+02
    1.1852E+02    4.1212E+02
    1.1328E+02    3.2028E+02
    1.0949E+02    2.4829E+02
    1.0671E+02    1.9212E+02
    1.0464E+02    1.4847E+02
    1.0310E+02    1.1473E+02
    1.0197E+02    8.8865E+01
    1.0116E+02    6.9035E+01
    1.0058E+02    5.3615E+01
    1.0015E+02    4.1469E+01
    9.9829E+01    3.1893E+01
    9.9570E+01    2.4396E+01
    9.9358E+01    1.8580E+01
    9.8991E+01    1.0000E+01
    4.8000E+03    4.3320E+06    8.7054E-01    3.9831E-08    1.0899E+00    4.7216E+06    4.5440E+00    5.6800E-05
    4.6967E+03    4.5267E+06    8.7054E-01    4.1621E-08    1.0899E+00    4.9338E+06    4.5440E+00    5.9352E-05
    4.4823E+03    4.9754E+06    8.7054E-01    4.5746E-08    1.0899E+00    5.4228E+06    4.5440E+00    6.5235E-05
    4.0056E+03    6.2464E+06    8.7054E-01    5.7433E-08    1.0899E+00    6.8082E+06    4.5440E+00    8.1901E-05
    3.2113E+03    9.7798E+06    8.7054E-01    8.9921E-08    1.0899E+00    1.0659E+07    4.5440E+00    1.2823E-04
    2.2938E+03    1.9413E+07    8.7054E-01    1.7850E-07    1.0899E+00    2.1159E+07    4.5440E+00    2.5454E-04
    1.6384E+03    3.8743E+07    8.7054E-01    3.5622E-07    1.0899E+00    4.2227E+07    4.5440E+00    5.0798E-04
    1.1703E+03    7.7923E+07    8.7054E-01    7.1647E-07    1.0899E+00    8.4930E+07    4.5440E+00    1.0217E-03
    8.3592E+02    1.5853E+08    8.7054E-01    1.4577E-06    1.0899E+00    1.7279E+08    4.5440E+00    2.0786E-03
    5.9709E+02    3.2820E+08    8.7054E-01    3.0176E-06    1.0899E+00    3.5771E+08    4.5440E+00    4.3032E-03
    4.2649E+02    6.9822E+08    8.7054E-01    6.4198E-06    1.0899E+00    7.6100E+08    4.5440E+00    9.1547E-03
    3.0464E+02    1.5544E+09    8.7054E-01    1.4292E-05    1.0899E+00    1.6942E+09    4.5440E+00    2.0381E-02
    2.2133E+02    3.5866E+09    8.7054E-01    3.2977E-05    1.0899E+00    3.9091E+09    4.5440E+00    4.7026E-02
    1.7794E+02    6.8870E+09    8.7054E-01    6.3323E-05    1.0899E+00    7.5063E+09    4.5440E+00    9.0299E-02
    1.5258E+02    1.1777E+10    8.7054E-01    1.0829E-04    1.0899E+00    1.2836E+10    4.5440E+00    1.5442E-01
    1.3656E+02    1.8650E+10    8.7054E-01    1.7148E-04    1.0899E+00    2.0328E+10    4.5440E+00    2.4454E-01
    1.2589E+02    2.8014E+10    8.7054E-01    2.5757E-04    1.0899E+00    3.0533E+10    4.5440E+00    3.6730E-01
    1.1852E+02    4.0533E+10    8.7054E-01    3.7269E-04    1.0899E+00    4.4178E+10    4.5440E+00    5.3146E-01
    1.1328E+02    5.7087E+10    8.7054E-01    5.2489E-04    1.0899E+00    6.2221E+10    4.5440E+00    7.4850E-01
    1.0949E+02    7.8827E+10    8.7054E-01    7.2478E-04    1.0899E+00    8.5916E+10    4.5440E+00    1.0335E+00
    1.0671E+02    1.0726E+11    8.7054E-01    9.8622E-04    1.0899E+00    1.1691E+11    4.5440E+00    1.4064E+00
    1.0464E+02    1.4433E+11    8.7054E-01    1.3271E-03    1.0899E+00    1.5731E+11    4.5440E+00    1.8924E+00
    1.0310E+02    1.9239E+11    8.7054E-01    1.7690E-03    1.0899E+00    2.0969E+11    4.5440E+00    2.5226E+00
    1.0197E+02    2.5394E+11    8.7054E-01    2.3349E-03    1.0899E+00    2.7677E+11    4.5440E+00    3.3295E+00
    1.0116E+02    3.3214E+11    8.7054E-01    3.0539E-03    1.0899E+00    3.6201E+11    4.5440E+00    4.3549E+00
    1.0058E+02    4.3262E+11    8.7054E-01    3.9777E-03    1.0899E+00    4.7152E+11    4.5440E+00    5.6723E+00
    1.0015E+02    5.6409E+11    8.7054E-01    5.1866E-03    1.0899E+00    6.1482E+11    4.5440E+00    7.3961E+00
    9.9829E+01    7.3825E+11    8.7054E-01    6.7879E-03    1.0899E+00    8.0463E+11    4.5440E+00    9.6796E+00
    9.9570E+01    9.7013E+11    8.7054E-01    8.9199E-03    1.0899E+00    1.0574E+12    4.5440E+00    1.2720E+01
    9.9358E+01    1.2793E+12    8.7054E-01    1.1762E-02    1.0899E+00    1.3943E+12    4.5440E+00    1.6773E+01
    9.8991E+01    2.3945E+12    8.7054E-01    2.2017E-02    1.0899E+00    2.6098E+12    4.5440E+00    3.1396E+01
    4.8000E+03    2.3509E+03
    4.6967E+03    2.3498E+03
    4.4823E+03    2.3474E+03
    4.0056E+03    2.3412E+03
    3.2113E+03    2.3266E+03
    2.2938E+03    2.2973E+03
    1.6384E+03    2.2562E+03
    1.1703E+03    2.1987E+03
    8.3592E+02    2.1181E+03
    5.9708E+02    2.0054E+03
    4.2649E+02    1.8476E+03
    3.0463E+02    1.6266E+03
    2.2133E+02    1.3355E+03
    1.7795E+02    1.0760E+03
    1.5258E+02    8.5583E+02
    1.3656E+02    6.7468E+02
    1.2589E+02    5.2851E+02
    1.1852E+02    4.1212E+02
    1.1329E+02    3.2028E+02
    1.0950E+02    2.4828E+02
    1.0671E+02    1.9212E+02
    1.0464E+02    1.4847E+02
    1.0310E+02    1.1473E+02
    1.0197E+02    8.8863E+01
    1.0116E+02    6.9033E+01
    1.0058E+02    5.3614E+01
    1.0016E+02    4.1468E+01
    9.9832E+01    3.1892E+01
    9.9573E+01    2.4396E+01
    9.9361E+01    1.8580E+01
    9.8994E+01    1.0000E+01
    4.8000E+03    4.3320E+06    8.7054E-01    3.9831E-08    1.0899E+00    4.7216E+06    4.5440E+00    5.6800E-05
    4.6967E+03    4.5267E+06    8.7054E-01    4.1621E-08    1.0899E+00    4.9338E+06    4.5440E+00    5.9352E-05
    4.4823E+03    4.9754E+06    8.7054E-01    4.5746E-08    1.0899E+00    5.4228E+06    4.5440E+00    6.5235E-05
    4.0056E+03    6.2465E+06    8.7054E-01    5.7433E-08    1.0899E+00    6.8082E+06    4.5440E+00    8.1901E-05
    3.2113E+03    9.7799E+06    8.7054E-01    8.9922E-08    1.0899E+00    1.0659E+07    4.5440E+00    1.2823E-04
    2.2938E+03    1.9413E+07    8.7054E-01    1.7850E-07    1.0899E+00    2.1159E+07    4.5440E+00    2.5454E-04
    1.6384E+03    3.8743E+07    8.7054E-01    3.5623E-07    1.0899E+00    4.2227E+07    4.5440E+00    5.0799E-04
    1.1703E+03    7.7924E+07    8.7054E-01    7.1647E-07    1.0899E+00    8.4931E+07    4.5440E+00    1.0217E-03
    8.3592E+02    1.5854E+08    8.7054E-01    1.4577E-06    1.0899E+00    1.7279E+08    4.5440E+00    2.0787E-03
    5.9708E+02    3.2820E+08    8.7054E-01    3.0177E-06    1.0899E+00    3.5772E+08    4.5440E+00    4.3032E-03
    4.2649E+02    6.9823E+08    8.7054E-01    6.4199E-06    1.0899E+00    7.6102E+08    4.5440E+00    9.1549E-03
    3.0463E+02    1.5544E+09    8.7054E-01    1.4292E-05    1.0899E+00    1.6942E+09    4.5440E+00    2.0381E-02
    2.2133E+02    3.5866E+09    8.7054E-01    3.2977E-05    1.0899E+00    3.9091E+09    4.5440E+00    4.7026E-02
    1.7795E+02    6.8869E+09    8.7054E-01    6.3322E-05    1.0899E+00    7.5062E+09    4.5440E+00    9.0298E-02
    1.5258E+02    1.1777E+10    8.7054E-01    1.0828E-04    1.0899E+00    1.2836E+10    4.5440E+00    1.5442E-01
    1.3656E+02    1.8650E+10    8.7054E-01    1.7148E-04    1.0899E+00    2.0327E+10    4.5440E+00    2.4453E-01
    1.2589E+02    2.8013E+10    8.7054E-01    2.5757E-04    1.0899E+00    3.0532E+10    4.5440E+00    3.6729E-01
    1.1852E+02    4.0532E+10    8.7054E-01    3.7268E-04    1.0899E+00    4.4177E+10    4.5440E+00    5.3144E-01
    1.1329E+02    5.7085E+10    8.7054E-01    5.2487E-04    1.0899E+00    6.2219E+10    4.5440E+00    7.4848E-01
    1.0950E+02    7.8824E+10    8.7054E-01    7.2475E-04    1.0899E+00    8.5913E+10    4.5440E+00    1.0335E+00
    1.0671E+02    1.0726E+11    8.7054E-01    9.8618E-04    1.0899E+00    1.1690E+11    4.5440E+00    1.4063E+00
    1.0464E+02    1.4433E+11    8.7054E-01    1.3270E-03    1.0899E+00    1.5731E+11    4.5440E+00    1.8924E+00
    1.0310E+02    1.9239E+11    8.7054E-01    1.7689E-03    1.0899E+00    2.0969E+11    4.5440E+00    2.5225E+00
    1.0197E+02    2.5393E+11    8.7054E-01    2.3348E-03    1.0899E+00    2.7676E+11    4.5440E+00    3.3294E+00
    1.0116E+02    3.3213E+11    8.7054E-01    3.0538E-03    1.0899E+00    3.6200E+11    4.5440E+00    4.3548E+00
    1.0058E+02    4.3260E+11    8.7054E-01    3.9776E-03    1.0899E+00    4.7150E+11    4.5440E+00    5.6721E+00
    1.0016E+02    5.6407E+11    8.7054E-01    5.1864E-03    1.0899E+00    6.1480E+11    4.5440E+00    7.3959E+00
    9.9832E+01    7.3822E+11    8.7054E-01    6.7876E-03    1.0899E+00    8.0460E+11    4.5440E+00    9.6792E+00
    9.9573E+01    9.7009E+11    8.7054E-01    8.9195E-03    1.0899E+00    1.0573E+12    4.5440E+00    1.2719E+01
    9.9361E+01    1.2792E+12    8.7054E-01    1.1762E-02    1.0899E+00    1.3943E+12    4.5440E+00    1.6773E+01
    9.8994E+01    2.3944E+12    8.7054E-01    2.2015E-02    1.0899E+00    2.6097E+12    4.5440E+00    3.1394E+01
