 Index            R          Tau           Na        Ne/Na            T        Kross       Kr/Kes        Gamma
     1   4.8000E+03   1.8761E-04   4.3293E+06   1.0897E+00   4.5440E+00   4.3225E-01   1.2760E+00   8.7548E-01
     2   4.7094E+03   1.9130E-04   4.4993E+06   1.0897E+00   4.5440E+00   4.3225E-01   1.2760E+00   8.7548E-01
     3   4.5211E+03   1.9947E-04   4.8860E+06   1.0897E+00   4.5440E+00   4.3225E-01   1.2760E+00   8.7548E-01
     4   4.1028E+03   2.2031E-04   5.9461E+06   1.0897E+00   4.5440E+00   4.3225E-01   1.2760E+00   8.7548E-01
     5   3.4056E+03   2.6660E-04   8.6722E+06   1.0897E+00   4.5440E+00   4.3225E-01   1.2760E+00   8.7548E-01
     6   2.4326E+03   3.7621E-04   1.7195E+07   1.0897E+00   4.5440E+00   4.3225E-01   1.2760E+00   8.7548E-01
     7   1.7375E+03   5.3181E-04   3.4261E+07   1.0897E+00   4.5440E+00   4.3225E-01   1.2760E+00   8.7548E-01
     8   1.2411E+03   7.5401E-04   6.8745E+07   1.0897E+00   4.5440E+00   4.3225E-01   1.2760E+00   8.7548E-01
     9   8.8650E+02   1.0741E-03   1.3937E+08   1.0897E+00   4.5440E+00   4.3225E-01   1.2760E+00   8.7548E-01
    10   6.3322E+02   1.5409E-03   2.8698E+08   1.0897E+00   4.5440E+00   4.3225E-01   1.2760E+00   8.7548E-01
    11   4.5230E+02   2.2354E-03   6.0532E+08   1.0897E+00   4.5440E+00   4.3225E-01   1.2760E+00   8.7548E-01
    12   3.2307E+02   3.3007E-03   1.3281E+09   1.0897E+00   4.5440E+00   4.3225E-01   1.2760E+00   8.7548E-01
    13   2.3076E+02   5.0234E-03   3.1253E+09   1.0897E+00   4.5440E+00   4.3225E-01   1.2760E+00   8.7548E-01
    14   1.8145E+02   7.0265E-03   6.2474E+09   1.0897E+00   4.5440E+00   4.3225E-01   1.2760E+00   8.7548E-01
    15   1.5335E+02   9.1678E-03   1.0964E+10   1.0897E+00   4.5440E+00   4.3225E-01   1.2760E+00   8.7548E-01
    16   1.3591E+02   1.1404E-02   1.7669E+10   1.0897E+00   4.5440E+00   4.3225E-01   1.2760E+00   8.7548E-01
    17   1.2444E+02   1.3706E-02   2.6865E+10   1.0897E+00   4.5440E+00   4.3225E-01   1.2760E+00   8.7548E-01
    18   1.1659E+02   1.6056E-02   3.9211E+10   1.0897E+00   4.5440E+00   4.3225E-01   1.2760E+00   8.7548E-01
    19   1.1104E+02   1.8441E-02   5.5575E+10   1.0897E+00   4.5440E+00   4.3225E-01   1.2760E+00   8.7548E-01
    20   1.0705E+02   2.0852E-02   7.7097E+10   1.0897E+00   4.5440E+00   4.3225E-01   1.2760E+00   8.7548E-01
    21   1.0412E+02   2.3282E-02   1.0527E+11   1.0897E+00   4.5440E+00   4.3225E-01   1.2760E+00   8.7548E-01
    22   1.0195E+02   2.5726E-02   1.4205E+11   1.0897E+00   4.5440E+00   4.3225E-01   1.2760E+00   8.7548E-01
    23   1.0033E+02   2.8181E-02   1.8998E+11   1.0897E+00   4.5440E+00   4.3225E-01   1.2760E+00   8.7548E-01
    24   9.9109E+01   3.0644E-02   2.5237E+11   1.0897E+00   4.5440E+00   4.3225E-01   1.2760E+00   8.7548E-01
    25   9.8190E+01   3.3099E-02   3.3323E+11   1.0897E+00   4.5440E+00   4.3225E-01   1.2760E+00   8.7548E-01
    26   9.7513E+01   3.5474E-02   4.3620E+11   1.0897E+00   4.5440E+00   4.3225E-01   1.2760E+00   8.7548E-01
    27   9.7040E+01   3.7634E-02   5.6460E+11   1.0897E+00   4.5440E+00   4.3225E-01   1.2760E+00   8.7548E-01
    28   9.6717E+01   3.9538E-02   7.2735E+11   1.0897E+00   4.5440E+00   4.3225E-01   1.2760E+00   8.7548E-01
    29   9.6488E+01   4.1277E-02   9.4064E+11   1.0897E+00   4.5440E+00   4.3225E-01   1.2760E+00   8.7548E-01
    30   9.6316E+01   4.2977E-02   1.2252E+12   1.0897E+00   4.5440E+00   4.3225E-01   1.2760E+00   8.7548E-01
    31   9.6180E+01   4.4748E-02   1.6070E+12   1.0897E+00   4.5440E+00   4.3225E-01   1.2760E+00   8.7548E-01
    32   9.6000E+01   4.8104E-02   2.5461E+12   1.0897E+00   4.5440E+00   4.3225E-01   1.2760E+00   8.7548E-01
    33   9.5753E+01   5.4978E-02   3.7232E+12   1.0930E+00   4.1929E+00   4.1030E-01   1.2075E+00   8.3102E-01
    34   9.5584E+01   6.1079E-02   4.5032E+12   1.0930E+00   4.2017E+00   4.1438E-01   1.2196E+00   8.3930E-01
    35   9.5407E+01   6.8943E-02   5.4349E+12   1.0930E+00   4.2130E+00   4.2025E-01   1.2369E+00   8.5118E-01
    36   9.5215E+01   7.9364E-02   6.5517E+12   1.0929E+00   4.2278E+00   4.2619E-01   1.2544E+00   8.6322E-01
    37   9.5005E+01   9.3268E-02   7.8934E+12   1.0929E+00   4.2472E+00   4.3177E-01   1.2708E+00   8.7451E-01
    38   9.4775E+01   1.1184E-01   9.5050E+12   1.0929E+00   4.2728E+00   4.3677E-01   1.2856E+00   8.8465E-01
    39   9.4524E+01   1.3661E-01   1.1401E+13   1.0929E+00   4.3063E+00   4.4363E-01   1.3058E+00   8.9854E-01
    40   9.4236E+01   1.7117E-01   1.3621E+13   1.0929E+00   4.3517E+00   4.5041E-01   1.3257E+00   9.1228E-01
    41   9.3899E+01   2.2009E-01   1.6214E+13   1.0929E+00   4.4136E+00   4.5646E-01   1.3435E+00   9.2453E-01
    42   9.3502E+01   2.8955E-01   1.9295E+13   1.0930E+00   4.4973E+00   4.6051E-01   1.3554E+00   9.3272E-01
    43   9.3049E+01   3.8486E-01   2.2977E+13   1.0930E+00   4.6051E+00   4.6431E-01   1.3665E+00   9.4042E-01
    44   9.2524E+01   5.1703E-01   2.7275E+13   1.0931E+00   4.7430E+00   4.6647E-01   1.3727E+00   9.4479E-01
    45   9.1941E+01   6.9250E-01   3.2708E+13   1.0932E+00   4.9093E+00   4.6623E-01   1.3719E+00   9.4431E-01
    46   9.1343E+01   9.0835E-01   3.9160E+13   1.0933E+00   5.0932E+00   4.6577E-01   1.3705E+00   9.4338E-01
    47   9.0732E+01   1.1722E+00   4.7190E+13   1.0934E+00   5.2939E+00   4.6443E-01   1.3664E+00   9.4066E-01
    48   9.0127E+01   1.4871E+00   5.6687E+13   1.0935E+00   5.5069E+00   4.6440E-01   1.3662E+00   9.4061E-01
    49   8.9498E+01   1.8805E+00   6.8540E+13   1.0935E+00   5.7424E+00   4.6244E-01   1.3604E+00   9.3663E-01
    50   8.8882E+01   2.3442E+00   8.3631E+13   1.0936E+00   5.9873E+00   4.5849E-01   1.3487E+00   9.2864E-01
    51   8.8313E+01   2.8647E+00   1.0218E+14   1.0937E+00   6.2306E+00   4.5688E-01   1.3439E+00   9.2537E-01
    52   8.7746E+01   3.4955E+00   1.2362E+14   1.0937E+00   6.4917E+00   4.5707E-01   1.3443E+00   9.2576E-01
    53   8.7152E+01   4.2956E+00   1.5122E+14   1.0938E+00   6.7831E+00   4.5358E-01   1.3339E+00   9.1868E-01
    54   8.6586E+01   5.2238E+00   1.8462E+14   1.0939E+00   7.0801E+00   4.5222E-01   1.3298E+00   9.1593E-01
    55   8.6014E+01   6.3660E+00   2.2601E+14   1.0940E+00   7.4006E+00   4.5113E-01   1.3266E+00   9.1373E-01
    56   8.5432E+01   7.7889E+00   2.7642E+14   1.0941E+00   7.7494E+00   4.5060E-01   1.3249E+00   9.1265E-01
    57   8.4830E+01   9.5876E+00   3.3876E+14   1.0942E+00   8.1320E+00   4.4908E-01   1.3203E+00   9.0958E-01
    58   8.4219E+01   1.1817E+01   4.1818E+14   1.0943E+00   8.5419E+00   4.4570E-01   1.3103E+00   9.0273E-01
    59   8.3623E+01   1.4493E+01   5.1478E+14   1.0943E+00   8.9667E+00   4.4625E-01   1.3118E+00   9.0384E-01
    60   8.2989E+01   1.7996E+01   6.3433E+14   1.0944E+00   9.4450E+00   4.4530E-01   1.3089E+00   9.0193E-01
    61   8.2335E+01   2.2452E+01   7.8576E+14   1.0945E+00   9.9643E+00   4.4341E-01   1.3033E+00   8.9810E-01
    62   8.1671E+01   2.8041E+01   9.7930E+14   1.0946E+00   1.0518E+01   4.4024E-01   1.2938E+00   8.9167E-01
    63   8.1012E+01   3.4931E+01   1.2148E+15   1.0946E+00   1.1099E+01   4.4090E-01   1.2958E+00   8.9301E-01
    64   8.0307E+01   4.4083E+01   1.5197E+15   1.0946E+00   1.1753E+01   4.3849E-01   1.2887E+00   8.8812E-01
    65   7.9594E+01   5.5635E+01   1.9163E+15   1.0946E+00   1.2447E+01   4.3480E-01   1.2779E+00   8.8066E-01
    66   7.8886E+01   7.0024E+01   2.4260E+15   1.0946E+00   1.3176E+01   4.3334E-01   1.2736E+00   8.7770E-01
    67   7.8154E+01   8.8821E+01   3.0706E+15   1.0946E+00   1.3976E+01   4.3189E-01   1.2693E+00   8.7476E-01
    68   7.7396E+01   1.1339E+02   3.9276E+15   1.0946E+00   1.4850E+01   4.2622E-01   1.2526E+00   8.6327E-01

 

 Index            R          Tau           Na        Ne/Na            T        Kross       Kr/Kes        Gamma
     1   4.8000E+03   1.8642E-04   4.3319E+06   1.0899E+00   4.5440E+00   4.2991E-01   1.2689E+00   8.7075E-01
     2   4.6968E+03   1.9062E-04   4.5265E+06   1.0899E+00   4.5440E+00   4.2991E-01   1.2689E+00   8.7075E-01
     3   4.4824E+03   1.9998E-04   4.9749E+06   1.0899E+00   4.5440E+00   4.2991E-01   1.2689E+00   8.7075E-01
     4   4.0059E+03   2.2440E-04   6.2453E+06   1.0899E+00   4.5440E+00   4.2991E-01   1.2689E+00   8.7075E-01
     5   3.2119E+03   2.8144E-04   9.7756E+06   1.0899E+00   4.5440E+00   4.2991E-01   1.2689E+00   8.7075E-01
     6   2.2942E+03   3.9740E-04   1.9405E+07   1.0899E+00   4.5440E+00   4.2991E-01   1.2689E+00   8.7075E-01
     7   1.6387E+03   5.6224E-04   3.8725E+07   1.0899E+00   4.5440E+00   4.2991E-01   1.2689E+00   8.7075E-01
     8   1.1705E+03   7.9809E-04   7.7883E+07   1.0899E+00   4.5440E+00   4.2991E-01   1.2689E+00   8.7075E-01
     9   8.3608E+02   1.1388E-03   1.5844E+08   1.0899E+00   4.5440E+00   4.2991E-01   1.2689E+00   8.7075E-01
    10   5.9720E+02   1.6379E-03   3.2798E+08   1.0899E+00   4.5440E+00   4.2991E-01   1.2689E+00   8.7075E-01
    11   4.2657E+02   2.3853E-03   6.9765E+08   1.0899E+00   4.5440E+00   4.2991E-01   1.2689E+00   8.7075E-01
    12   3.0469E+02   3.5444E-03   1.5527E+09   1.0899E+00   4.5440E+00   4.2991E-01   1.2689E+00   8.7075E-01
    13   2.2126E+02   5.3385E-03   3.5859E+09   1.0899E+00   4.5440E+00   4.2991E-01   1.2689E+00   8.7075E-01
    14   1.7784E+02   7.3130E-03   6.8894E+09   1.0899E+00   4.5440E+00   4.2991E-01   1.2689E+00   8.7075E-01
    15   1.5245E+02   9.4080E-03   1.1786E+10   1.0899E+00   4.5440E+00   4.2991E-01   1.2689E+00   8.7075E-01
    16   1.3643E+02   1.1586E-02   1.8668E+10   1.0899E+00   4.5440E+00   4.2991E-01   1.2689E+00   8.7075E-01
    17   1.2576E+02   1.3823E-02   2.8045E+10   1.0899E+00   4.5440E+00   4.2991E-01   1.2689E+00   8.7075E-01
    18   1.1839E+02   1.6103E-02   4.0583E+10   1.0899E+00   4.5440E+00   4.2991E-01   1.2689E+00   8.7075E-01
    19   1.1316E+02   1.8413E-02   5.7162E+10   1.0899E+00   4.5440E+00   4.2991E-01   1.2689E+00   8.7075E-01
    20   1.0937E+02   2.0747E-02   7.8935E+10   1.0899E+00   4.5440E+00   4.2991E-01   1.2689E+00   8.7075E-01
    21   1.0658E+02   2.3098E-02   1.0741E+11   1.0899E+00   4.5440E+00   4.2991E-01   1.2689E+00   8.7075E-01
    22   1.0451E+02   2.5459E-02   1.4454E+11   1.0899E+00   4.5440E+00   4.2991E-01   1.2689E+00   8.7075E-01
    23   1.0297E+02   2.7812E-02   1.9268E+11   1.0899E+00   4.5440E+00   4.2991E-01   1.2689E+00   8.7075E-01
    24   1.0184E+02   3.0103E-02   2.5431E+11   1.0899E+00   4.5440E+00   4.2991E-01   1.2689E+00   8.7075E-01
    25   1.0103E+02   3.2261E-02   3.3264E+11   1.0899E+00   4.5440E+00   4.2991E-01   1.2689E+00   8.7075E-01
    26   1.0045E+02   3.4276E-02   4.3328E+11   1.0899E+00   4.5440E+00   4.2991E-01   1.2689E+00   8.7075E-01
    27   1.0003E+02   3.6204E-02   5.6498E+11   1.0899E+00   4.5440E+00   4.2991E-01   1.2689E+00   8.7075E-01
    28   9.9703E+01   3.8131E-02   7.3944E+11   1.0899E+00   4.5440E+00   4.2991E-01   1.2689E+00   8.7075E-01
    29   9.9444E+01   4.0145E-02   9.7172E+11   1.0899E+00   4.5440E+00   4.2991E-01   1.2689E+00   8.7075E-01
    30   9.9231E+01   4.2327E-02   1.2814E+12   1.0899E+00   4.5440E+00   4.2991E-01   1.2689E+00   8.7075E-01
    31   9.8864E+01   4.8244E-02   2.4007E+12   1.0899E+00   4.5440E+00   4.2991E-01   1.2689E+00   8.7075E-01
    32   9.8626E+01   5.4387E-02   3.4334E+12   1.0931E+00   4.1921E+00   4.0844E-01   1.2020E+00   8.2725E-01
    33   9.8461E+01   5.9833E-02   4.1093E+12   1.0930E+00   4.2000E+00   4.1232E-01   1.2135E+00   8.3512E-01
    34   9.8289E+01   6.6741E-02   4.9170E+12   1.0930E+00   4.2099E+00   4.1682E-01   1.2268E+00   8.4423E-01
    35   9.8105E+01   7.5619E-02   5.8694E+12   1.0930E+00   4.2225E+00   4.2253E-01   1.2436E+00   8.5579E-01
    36   9.7907E+01   8.7253E-02   7.0029E+12   1.0929E+00   4.2389E+00   4.2797E-01   1.2596E+00   8.6682E-01
    37   9.7691E+01   1.0253E-01   8.3515E+12   1.0929E+00   4.2601E+00   4.3299E-01   1.2745E+00   8.7699E-01
    38   9.7456E+01   1.2257E-01   9.9558E+12   1.0929E+00   4.2874E+00   4.3743E-01   1.2875E+00   8.8598E-01
    39   9.7200E+01   1.4881E-01   1.1800E+13   1.0929E+00   4.3225E+00   4.4431E-01   1.3077E+00   8.9991E-01
    40   9.6907E+01   1.8505E-01   1.3955E+13   1.0929E+00   4.3695E+00   4.5079E-01   1.3268E+00   9.1305E-01
    41   9.6566E+01   2.3557E-01   1.6462E+13   1.0930E+00   4.4327E+00   4.5616E-01   1.3426E+00   9.2391E-01
    42   9.6171E+01   3.0538E-01   1.9421E+13   1.0930E+00   4.5158E+00   4.5965E-01   1.3528E+00   9.3100E-01
    43   9.5727E+01   3.9860E-01   2.2925E+13   1.0930E+00   4.6200E+00   4.6303E-01   1.3627E+00   9.3784E-01
    44   9.5222E+01   5.2438E-01   2.6977E+13   1.0931E+00   4.7503E+00   4.6507E-01   1.3686E+00   9.4196E-01
    45   9.4667E+01   6.8821E-01   3.1994E+13   1.0932E+00   4.9055E+00   4.6500E-01   1.3683E+00   9.4183E-01
    46   9.4095E+01   8.8844E-01   3.7878E+13   1.0933E+00   5.0770E+00   4.6480E-01   1.3676E+00   9.4141E-01
    47   9.3506E+01   1.1321E+00   4.5136E+13   1.0934E+00   5.2648E+00   4.6279E-01   1.3616E+00   9.3734E-01
    48   9.2936E+01   1.4128E+00   5.3546E+13   1.0934E+00   5.4588E+00   4.6312E-01   1.3625E+00   9.3802E-01
    49   9.2338E+01   1.7625E+00   6.3826E+13   1.0935E+00   5.6748E+00   4.6200E-01   1.3591E+00   9.3575E-01
    50   9.1739E+01   2.1799E+00   7.6691E+13   1.0936E+00   5.9040E+00   4.5888E-01   1.3498E+00   9.2942E-01
    51   9.1171E+01   2.6524E+00   9.2691E+13   1.0936E+00   6.1348E+00   4.5524E-01   1.3391E+00   9.2205E-01
    52   9.0637E+01   3.1864E+00   1.1107E+14   1.0937E+00   6.3677E+00   4.5603E-01   1.3413E+00   9.2366E-01
    53   9.0070E+01   3.8658E+00   1.3350E+14   1.0938E+00   6.6313E+00   4.5445E-01   1.3366E+00   9.2046E-01
    54   8.9505E+01   4.6802E+00   1.6170E+14   1.0939E+00   6.9108E+00   4.5185E-01   1.3288E+00   9.1518E-01
    55   8.8951E+01   5.6397E+00   1.9525E+14   1.0940E+00   7.2018E+00   4.5011E-01   1.3236E+00   9.1165E-01
    56   8.8398E+01   6.7962E+00   2.3627E+14   1.0940E+00   7.5113E+00   4.4950E-01   1.3217E+00   9.1044E-01
    57   8.7828E+01   8.2356E+00   2.8573E+14   1.0941E+00   7.8497E+00   4.4894E-01   1.3200E+00   9.0929E-01
    58   8.7241E+01   1.0030E+01   3.4642E+14   1.0942E+00   8.2184E+00   4.4709E-01   1.3144E+00   9.0555E-01
    59   8.6650E+01   1.2212E+01   4.2250E+14   1.0943E+00   8.6086E+00   4.4408E-01   1.3055E+00   8.9945E-01
    60   8.6069E+01   1.4819E+01   5.1395E+14   1.0944E+00   9.0146E+00   4.4444E-01   1.3065E+00   9.0019E-01
    61   8.5455E+01   1.8170E+01   6.2577E+14   1.0944E+00   9.4669E+00   4.4354E-01   1.3037E+00   8.9835E-01
    62   8.4823E+01   2.2373E+01   7.6507E+14   1.0945E+00   9.9557E+00   4.4187E-01   1.2987E+00   8.9498E-01
    63   8.4179E+01   2.7590E+01   9.4053E+14   1.0946E+00   1.0477E+01   4.3883E-01   1.2897E+00   8.8881E-01
    64   8.3539E+01   3.3941E+01   1.1547E+15   1.0946E+00   1.1022E+01   4.3907E-01   1.2904E+00   8.8930E-01
    65   8.2863E+01   4.2191E+01   1.4234E+15   1.0946E+00   1.1627E+01   4.3735E-01   1.2853E+00   8.8582E-01
    66   8.2172E+01   5.2566E+01   1.7679E+15   1.0946E+00   1.2274E+01   4.3426E-01   1.2762E+00   8.7956E-01
    67   8.1479E+01   6.5395E+01   2.2069E+15   1.0946E+00   1.2955E+01   4.3091E-01   1.2664E+00   8.7277E-01
    68   8.0788E+01   8.1334E+01   2.7498E+15   1.0946E+00   1.3674E+01   4.3060E-01   1.2655E+00   8.7215E-01
    69   8.0062E+01   1.0219E+02   3.4442E+15   1.0946E+00   1.4471E+01   4.2743E-01   1.2562E+00   8.6572E-01

 

 Index            R          Tau           Na        Ne/Na            T        Kross       Kr/Kes        Gamma
     1   4.8000E+03   1.8637E-04   4.3320E+06   1.0899E+00   4.5440E+00   4.2979E-01   1.2685E+00   8.7051E-01
     2   4.6967E+03   1.9057E-04   4.5267E+06   1.0899E+00   4.5440E+00   4.2979E-01   1.2685E+00   8.7051E-01
     3   4.4822E+03   1.9993E-04   4.9754E+06   1.0899E+00   4.5440E+00   4.2979E-01   1.2685E+00   8.7051E-01
     4   4.0056E+03   2.2436E-04   6.2467E+06   1.0899E+00   4.5440E+00   4.2979E-01   1.2685E+00   8.7051E-01
     5   3.2111E+03   2.8143E-04   9.7807E+06   1.0899E+00   4.5440E+00   4.2979E-01   1.2685E+00   8.7051E-01
     6   2.2937E+03   3.9739E-04   1.9415E+07   1.0899E+00   4.5440E+00   4.2979E-01   1.2685E+00   8.7051E-01
     7   1.6383E+03   5.6224E-04   3.8747E+07   1.0899E+00   4.5440E+00   4.2979E-01   1.2685E+00   8.7051E-01
     8   1.1702E+03   7.9811E-04   7.7931E+07   1.0899E+00   4.5440E+00   4.2979E-01   1.2685E+00   8.7051E-01
     9   8.3588E+02   1.1388E-03   1.5855E+08   1.0899E+00   4.5440E+00   4.2979E-01   1.2685E+00   8.7051E-01
    10   5.9706E+02   1.6381E-03   3.2824E+08   1.0899E+00   4.5440E+00   4.2979E-01   1.2685E+00   8.7051E-01
    11   4.2647E+02   2.3857E-03   6.9833E+08   1.0899E+00   4.5440E+00   4.2979E-01   1.2685E+00   8.7051E-01
    12   3.0462E+02   3.5456E-03   1.5547E+09   1.0899E+00   4.5440E+00   4.2979E-01   1.2685E+00   8.7051E-01
    13   2.2134E+02   5.3375E-03   3.5868E+09   1.0899E+00   4.5440E+00   4.2979E-01   1.2685E+00   8.7051E-01
    14   1.7796E+02   7.3091E-03   6.8867E+09   1.0899E+00   4.5440E+00   4.2979E-01   1.2685E+00   8.7051E-01
    15   1.5259E+02   9.4009E-03   1.1776E+10   1.0899E+00   4.5440E+00   4.2979E-01   1.2685E+00   8.7051E-01
    16   1.3658E+02   1.1576E-02   1.8648E+10   1.0899E+00   4.5440E+00   4.2979E-01   1.2685E+00   8.7051E-01
    17   1.2591E+02   1.3809E-02   2.8009E+10   1.0899E+00   4.5440E+00   4.2979E-01   1.2685E+00   8.7051E-01
    18   1.1854E+02   1.6084E-02   4.0526E+10   1.0899E+00   4.5440E+00   4.2979E-01   1.2685E+00   8.7051E-01
    19   1.1331E+02   1.8391E-02   5.7075E+10   1.0899E+00   4.5440E+00   4.2979E-01   1.2685E+00   8.7051E-01
    20   1.0951E+02   2.0721E-02   7.8810E+10   1.0899E+00   4.5440E+00   4.2979E-01   1.2685E+00   8.7051E-01
    21   1.0673E+02   2.3067E-02   1.0724E+11   1.0899E+00   4.5440E+00   4.2979E-01   1.2685E+00   8.7051E-01
    22   1.0466E+02   2.5425E-02   1.4430E+11   1.0899E+00   4.5440E+00   4.2979E-01   1.2685E+00   8.7051E-01
    23   1.0312E+02   2.7774E-02   1.9235E+11   1.0899E+00   4.5440E+00   4.2979E-01   1.2685E+00   8.7051E-01
    24   1.0199E+02   3.0061E-02   2.5388E+11   1.0899E+00   4.5440E+00   4.2979E-01   1.2685E+00   8.7051E-01
    25   1.0118E+02   3.2216E-02   3.3207E+11   1.0899E+00   4.5440E+00   4.2979E-01   1.2685E+00   8.7051E-01
    26   1.0060E+02   3.4227E-02   4.3251E+11   1.0899E+00   4.5440E+00   4.2979E-01   1.2685E+00   8.7051E-01
    27   1.0018E+02   3.6151E-02   5.6395E+11   1.0899E+00   4.5440E+00   4.2979E-01   1.2685E+00   8.7051E-01
    28   9.9850E+01   3.8074E-02   7.3806E+11   1.0899E+00   4.5440E+00   4.2979E-01   1.2685E+00   8.7051E-01
    29   9.9591E+01   4.0083E-02   9.6987E+11   1.0899E+00   4.5440E+00   4.2979E-01   1.2685E+00   8.7051E-01
    30   9.9379E+01   4.2258E-02   1.2789E+12   1.0899E+00   4.5440E+00   4.2979E-01   1.2685E+00   8.7051E-01
    31   9.9012E+01   4.8148E-02   2.3935E+12   1.0899E+00   4.5440E+00   4.2979E-01   1.2685E+00   8.7051E-01
    32   9.8774E+01   5.4257E-02   3.4196E+12   1.0931E+00   4.1919E+00   4.0835E-01   1.2018E+00   8.2708E-01
    33   9.8610E+01   5.9672E-02   4.0906E+12   1.0930E+00   4.1997E+00   4.1222E-01   1.2132E+00   8.3492E-01
    34   9.8437E+01   6.6537E-02   4.8922E+12   1.0930E+00   4.2096E+00   4.1665E-01   1.2263E+00   8.4389E-01
    35   9.8254E+01   7.5344E-02   5.8370E+12   1.0930E+00   4.2221E+00   4.2235E-01   1.2431E+00   8.5543E-01
    36   9.8056E+01   8.6875E-02   6.9608E+12   1.0929E+00   4.2383E+00   4.2778E-01   1.2591E+00   8.6644E-01
    37   9.7841E+01   1.0200E-01   8.2973E+12   1.0929E+00   4.2593E+00   4.3281E-01   1.2739E+00   8.7661E-01
    38   9.7607E+01   1.2184E-01   9.8864E+12   1.0929E+00   4.2864E+00   4.3725E-01   1.2870E+00   8.8562E-01
    39   9.7352E+01   1.4778E-01   1.1717E+13   1.0929E+00   4.3211E+00   4.4402E-01   1.3069E+00   8.9933E-01
    40   9.7061E+01   1.8352E-01   1.3853E+13   1.0929E+00   4.3676E+00   4.5050E-01   1.3260E+00   9.1245E-01
    41   9.6722E+01   2.3326E-01   1.6335E+13   1.0930E+00   4.4299E+00   4.5591E-01   1.3419E+00   9.2341E-01
    42   9.6330E+01   3.0199E-01   1.9262E+13   1.0930E+00   4.5118E+00   4.5949E-01   1.3524E+00   9.3066E-01
    43   9.5888E+01   3.9384E-01   2.2728E+13   1.0930E+00   4.6149E+00   4.6273E-01   1.3618E+00   9.3722E-01
    44   9.5389E+01   5.1707E-01   2.6721E+13   1.0931E+00   4.7430E+00   4.6497E-01   1.3683E+00   9.4176E-01
    45   9.4837E+01   6.7844E-01   3.1664E+13   1.0932E+00   4.8966E+00   4.6485E-01   1.3678E+00   9.4153E-01
    46   9.4268E+01   8.7510E-01   3.7451E+13   1.0933E+00   5.0661E+00   4.6480E-01   1.3676E+00   9.4142E-01
    47   9.3681E+01   1.1155E+00   4.4581E+13   1.0934E+00   5.2526E+00   4.6290E-01   1.3619E+00   9.3758E-01
    48   9.3110E+01   1.3931E+00   5.2915E+13   1.0934E+00   5.4459E+00   4.6305E-01   1.3623E+00   9.3788E-01
    49   9.2515E+01   1.7369E+00   6.3012E+13   1.0935E+00   5.6598E+00   4.6208E-01   1.3594E+00   9.3592E-01
    50   9.1916E+01   2.1489E+00   7.5627E+13   1.0936E+00   5.8879E+00   4.5909E-01   1.3505E+00   9.2985E-01
    51   9.1346E+01   2.6163E+00   9.1333E+13   1.0936E+00   6.1181E+00   4.5526E-01   1.3391E+00   9.2210E-01
    52   9.0813E+01   3.1413E+00   1.0950E+14   1.0937E+00   6.3490E+00   4.5597E-01   1.3411E+00   9.2354E-01
    53   9.0249E+01   3.8077E+00   1.3145E+14   1.0938E+00   6.6100E+00   4.5463E-01   1.3371E+00   9.2082E-01
    54   8.9682E+01   4.6105E+00   1.5907E+14   1.0939E+00   6.8882E+00   4.5181E-01   1.3287E+00   9.1510E-01
    55   8.9132E+01   5.5499E+00   1.9185E+14   1.0939E+00   7.1760E+00   4.5024E-01   1.3240E+00   9.1193E-01
    56   8.8578E+01   6.6857E+00   2.3212E+14   1.0940E+00   7.4833E+00   4.4942E-01   1.3215E+00   9.1026E-01
    57   8.8012E+01   8.0911E+00   2.8055E+14   1.0941E+00   7.8177E+00   4.4894E-01   1.3200E+00   9.0930E-01
    58   8.7427E+01   9.8456E+00   3.3975E+14   1.0942E+00   8.1827E+00   4.4727E-01   1.3150E+00   9.0591E-01
    59   8.6836E+01   1.1984E+01   4.1393E+14   1.0943E+00   8.5702E+00   4.4417E-01   1.3057E+00   8.9963E-01
    60   8.6257E+01   1.4530E+01   5.0364E+14   1.0943E+00   8.9723E+00   4.4429E-01   1.3060E+00   8.9987E-01
    61   8.5648E+01   1.7785E+01   6.1239E+14   1.0944E+00   9.4182E+00   4.4366E-01   1.3041E+00   8.9859E-01
    62   8.5018E+01   2.1886E+01   7.4814E+14   1.0945E+00   9.9027E+00   4.4204E-01   1.2992E+00   8.9532E-01
    63   8.4375E+01   2.6977E+01   9.1850E+14   1.0946E+00   1.0420E+01   4.3915E-01   1.2907E+00   8.8946E-01
    64   8.3735E+01   3.3182E+01   1.1287E+15   1.0946E+00   1.0961E+01   4.3905E-01   1.2903E+00   8.8926E-01
    65   8.3063E+01   4.1195E+01   1.3894E+15   1.0946E+00   1.1558E+01   4.3758E-01   1.2860E+00   8.8628E-01
    66   8.2373E+01   5.1302E+01   1.7231E+15   1.0946E+00   1.2201E+01   4.3452E-01   1.2770E+00   8.8008E-01
    67   8.1682E+01   6.3784E+01   2.1484E+15   1.0946E+00   1.2875E+01   4.3064E-01   1.2656E+00   8.7223E-01
    68   8.0997E+01   7.9122E+01   2.6722E+15   1.0946E+00   1.3581E+01   4.3047E-01   1.2651E+00   8.7189E-01
    69   8.0277E+01   9.9195E+01   3.3390E+15   1.0946E+00   1.4365E+01   4.2799E-01   1.2578E+00   8.6686E-01
    70   7.9545E+01   1.2451E+02   4.2452E+15   1.0946E+00   1.5199E+01   4.1479E-01   1.2190E+00   8.4013E-01

 

 Index            R          Tau           Na        Ne/Na            T        Kross       Kr/Kes        Gamma
     1   4.8000E+03   1.8638E-04   4.3320E+06   1.0899E+00   4.5440E+00   4.2981E-01   1.2686E+00   8.7054E-01
     2   4.6967E+03   1.9058E-04   4.5267E+06   1.0899E+00   4.5440E+00   4.2981E-01   1.2686E+00   8.7054E-01
     3   4.4823E+03   1.9994E-04   4.9754E+06   1.0899E+00   4.5440E+00   4.2981E-01   1.2686E+00   8.7054E-01
     4   4.0056E+03   2.2437E-04   6.2464E+06   1.0899E+00   4.5440E+00   4.2981E-01   1.2686E+00   8.7054E-01
     5   3.2113E+03   2.8143E-04   9.7798E+06   1.0899E+00   4.5440E+00   4.2981E-01   1.2686E+00   8.7054E-01
     6   2.2938E+03   3.9739E-04   1.9413E+07   1.0899E+00   4.5440E+00   4.2981E-01   1.2686E+00   8.7054E-01
     7   1.6384E+03   5.6224E-04   3.8743E+07   1.0899E+00   4.5440E+00   4.2981E-01   1.2686E+00   8.7054E-01
     8   1.1703E+03   7.9810E-04   7.7923E+07   1.0899E+00   4.5440E+00   4.2981E-01   1.2686E+00   8.7054E-01
     9   8.3592E+02   1.1388E-03   1.5853E+08   1.0899E+00   4.5440E+00   4.2981E-01   1.2686E+00   8.7054E-01
    10   5.9709E+02   1.6380E-03   3.2820E+08   1.0899E+00   4.5440E+00   4.2981E-01   1.2686E+00   8.7054E-01
    11   4.2649E+02   2.3856E-03   6.9822E+08   1.0899E+00   4.5440E+00   4.2981E-01   1.2686E+00   8.7054E-01
    12   3.0464E+02   3.5454E-03   1.5544E+09   1.0899E+00   4.5440E+00   4.2981E-01   1.2686E+00   8.7054E-01
    13   2.2133E+02   5.3376E-03   3.5866E+09   1.0899E+00   4.5440E+00   4.2981E-01   1.2686E+00   8.7054E-01
    14   1.7794E+02   7.3096E-03   6.8870E+09   1.0899E+00   4.5440E+00   4.2981E-01   1.2686E+00   8.7054E-01
    15   1.5258E+02   9.4018E-03   1.1777E+10   1.0899E+00   4.5440E+00   4.2981E-01   1.2686E+00   8.7054E-01
    16   1.3656E+02   1.1577E-02   1.8650E+10   1.0899E+00   4.5440E+00   4.2981E-01   1.2686E+00   8.7054E-01
    17   1.2589E+02   1.3811E-02   2.8014E+10   1.0899E+00   4.5440E+00   4.2981E-01   1.2686E+00   8.7054E-01
    18   1.1852E+02   1.6087E-02   4.0533E+10   1.0899E+00   4.5440E+00   4.2981E-01   1.2686E+00   8.7054E-01
    19   1.1328E+02   1.8394E-02   5.7087E+10   1.0899E+00   4.5440E+00   4.2981E-01   1.2686E+00   8.7054E-01
    20   1.0949E+02   2.0724E-02   7.8827E+10   1.0899E+00   4.5440E+00   4.2981E-01   1.2686E+00   8.7054E-01
    21   1.0671E+02   2.3071E-02   1.0726E+11   1.0899E+00   4.5440E+00   4.2981E-01   1.2686E+00   8.7054E-01
    22   1.0464E+02   2.5429E-02   1.4433E+11   1.0899E+00   4.5440E+00   4.2981E-01   1.2686E+00   8.7054E-01
    23   1.0310E+02   2.7779E-02   1.9239E+11   1.0899E+00   4.5440E+00   4.2981E-01   1.2686E+00   8.7054E-01
    24   1.0197E+02   3.0067E-02   2.5394E+11   1.0899E+00   4.5440E+00   4.2981E-01   1.2686E+00   8.7054E-01
    25   1.0116E+02   3.2222E-02   3.3214E+11   1.0899E+00   4.5440E+00   4.2981E-01   1.2686E+00   8.7054E-01
    26   1.0058E+02   3.4234E-02   4.3262E+11   1.0899E+00   4.5440E+00   4.2981E-01   1.2686E+00   8.7054E-01
    27   1.0015E+02   3.6159E-02   5.6409E+11   1.0899E+00   4.5440E+00   4.2981E-01   1.2686E+00   8.7054E-01
    28   9.9829E+01   3.8082E-02   7.3825E+11   1.0899E+00   4.5440E+00   4.2981E-01   1.2686E+00   8.7054E-01
    29   9.9570E+01   4.0092E-02   9.7013E+11   1.0899E+00   4.5440E+00   4.2981E-01   1.2686E+00   8.7054E-01
    30   9.9358E+01   4.2268E-02   1.2793E+12   1.0899E+00   4.5440E+00   4.2981E-01   1.2686E+00   8.7054E-01
    31   9.8991E+01   4.8161E-02   2.3945E+12   1.0899E+00   4.5440E+00   4.2981E-01   1.2686E+00   8.7054E-01
    32   9.8753E+01   5.4275E-02   3.4216E+12   1.0931E+00   4.1919E+00   4.0836E-01   1.2018E+00   8.2710E-01
    33   9.8589E+01   5.9695E-02   4.0933E+12   1.0930E+00   4.1998E+00   4.1224E-01   1.2132E+00   8.3495E-01
    34   9.8416E+01   6.6566E-02   4.8957E+12   1.0930E+00   4.2096E+00   4.1667E-01   1.2263E+00   8.4394E-01
    35   9.8233E+01   7.5383E-02   5.8416E+12   1.0930E+00   4.2221E+00   4.2237E-01   1.2431E+00   8.5548E-01
    36   9.8035E+01   8.6929E-02   6.9668E+12   1.0929E+00   4.2384E+00   4.2781E-01   1.2592E+00   8.6649E-01
    37   9.7819E+01   1.0208E-01   8.3049E+12   1.0929E+00   4.2594E+00   4.3283E-01   1.2740E+00   8.7667E-01
    38   9.7585E+01   1.2194E-01   9.8962E+12   1.0929E+00   4.2866E+00   4.3728E-01   1.2871E+00   8.8567E-01
    39   9.7331E+01   1.4793E-01   1.1729E+13   1.0929E+00   4.3213E+00   4.4406E-01   1.3070E+00   8.9941E-01
    40   9.7039E+01   1.8373E-01   1.3867E+13   1.0929E+00   4.3679E+00   4.5054E-01   1.3261E+00   9.1254E-01
    41   9.6700E+01   2.3359E-01   1.6353E+13   1.0930E+00   4.4303E+00   4.5595E-01   1.3420E+00   9.2348E-01
    42   9.6307E+01   3.0247E-01   1.9284E+13   1.0930E+00   4.5124E+00   4.5951E-01   1.3524E+00   9.3070E-01
    43   9.5865E+01   3.9451E-01   2.2756E+13   1.0930E+00   4.6156E+00   4.6277E-01   1.3620E+00   9.3731E-01
    44   9.5366E+01   5.1810E-01   2.6757E+13   1.0931E+00   4.7441E+00   4.6498E-01   1.3684E+00   9.4179E-01
    45   9.4813E+01   6.7982E-01   3.1710E+13   1.0932E+00   4.8979E+00   4.6488E-01   1.3679E+00   9.4157E-01
    46   9.4244E+01   8.7698E-01   3.7511E+13   1.0933E+00   5.0677E+00   4.6480E-01   1.3676E+00   9.4142E-01
    47   9.3657E+01   1.1178E+00   4.4660E+13   1.0934E+00   5.2544E+00   4.6289E-01   1.3619E+00   9.3754E-01
    48   9.3086E+01   1.3959E+00   5.3004E+13   1.0934E+00   5.4477E+00   4.6306E-01   1.3623E+00   9.3790E-01
    49   9.2490E+01   1.7405E+00   6.3126E+13   1.0935E+00   5.6619E+00   4.6207E-01   1.3593E+00   9.3589E-01
    50   9.1891E+01   2.1533E+00   7.5776E+13   1.0936E+00   5.8901E+00   4.5906E-01   1.3504E+00   9.2979E-01
    51   9.1321E+01   2.6214E+00   9.1524E+13   1.0936E+00   6.1205E+00   4.5526E-01   1.3391E+00   9.2209E-01
    52   9.0788E+01   3.1477E+00   1.0972E+14   1.0937E+00   6.3517E+00   4.5598E-01   1.3412E+00   9.2356E-01
    53   9.0224E+01   3.8159E+00   1.3174E+14   1.0938E+00   6.6130E+00   4.5461E-01   1.3370E+00   9.2077E-01
    54   8.9657E+01   4.6204E+00   1.5944E+14   1.0939E+00   6.8914E+00   4.5181E-01   1.3287E+00   9.1511E-01
    55   8.9106E+01   5.5626E+00   1.9233E+14   1.0940E+00   7.1797E+00   4.5022E-01   1.3239E+00   9.1189E-01
    56   8.8553E+01   6.7013E+00   2.3272E+14   1.0940E+00   7.4873E+00   4.4944E-01   1.3215E+00   9.1030E-01
    57   8.7986E+01   8.1117E+00   2.8130E+14   1.0941E+00   7.8223E+00   4.4894E-01   1.3200E+00   9.0930E-01
    58   8.7400E+01   9.8722E+00   3.4072E+14   1.0942E+00   8.1879E+00   4.4725E-01   1.3149E+00   9.0587E-01
    59   8.6810E+01   1.2017E+01   4.1516E+14   1.0943E+00   8.5758E+00   4.4416E-01   1.3057E+00   8.9960E-01
    60   8.6230E+01   1.4572E+01   5.0515E+14   1.0943E+00   8.9784E+00   4.4432E-01   1.3061E+00   8.9994E-01
    61   8.5620E+01   1.7842E+01   6.1436E+14   1.0944E+00   9.4254E+00   4.4364E-01   1.3040E+00   8.9856E-01
    62   8.4989E+01   2.1958E+01   7.5063E+14   1.0945E+00   9.9106E+00   4.4202E-01   1.2992E+00   8.9527E-01
    63   8.4347E+01   2.7067E+01   9.2173E+14   1.0946E+00   1.0428E+01   4.3910E-01   1.2905E+00   8.8937E-01
    64   8.3707E+01   3.3294E+01   1.1325E+15   1.0946E+00   1.0970E+01   4.3905E-01   1.2903E+00   8.8926E-01
    65   8.3034E+01   4.1341E+01   1.3944E+15   1.0946E+00   1.1569E+01   4.3754E-01   1.2859E+00   8.8621E-01
    66   8.2343E+01   5.1488E+01   1.7297E+15   1.0946E+00   1.2211E+01   4.3448E-01   1.2769E+00   8.8001E-01
    67   8.1652E+01   6.4021E+01   2.1569E+15   1.0946E+00   1.2887E+01   4.3068E-01   1.2658E+00   8.7232E-01
    68   8.0967E+01   7.9447E+01   2.6836E+15   1.0946E+00   1.3595E+01   4.3049E-01   1.2652E+00   8.7193E-01
    69   8.0246E+01   9.9636E+01   3.3544E+15   1.0946E+00   1.4380E+01   4.2791E-01   1.2576E+00   8.6670E-01
    70   7.9513E+01   1.2506E+02   4.2664E+15   1.0946E+00   1.5216E+01   4.1460E-01   1.2184E+00   8.3975E-01

 

 Index            R          Tau           Na        Ne/Na            T        Kross       Kr/Kes        Gamma
     1   4.8000E+03   1.8637E-04   4.3320E+06   1.0899E+00   4.5440E+00   4.2981E-01   1.2686E+00   8.7054E-01
     2   4.6967E+03   1.9058E-04   4.5267E+06   1.0899E+00   4.5440E+00   4.2981E-01   1.2686E+00   8.7054E-01
     3   4.4823E+03   1.9994E-04   4.9754E+06   1.0899E+00   4.5440E+00   4.2981E-01   1.2686E+00   8.7054E-01
     4   4.0056E+03   2.2437E-04   6.2465E+06   1.0899E+00   4.5440E+00   4.2981E-01   1.2686E+00   8.7054E-01
     5   3.2113E+03   2.8143E-04   9.7799E+06   1.0899E+00   4.5440E+00   4.2981E-01   1.2686E+00   8.7054E-01
     6   2.2938E+03   3.9739E-04   1.9413E+07   1.0899E+00   4.5440E+00   4.2981E-01   1.2686E+00   8.7054E-01
     7   1.6384E+03   5.6224E-04   3.8743E+07   1.0899E+00   4.5440E+00   4.2981E-01   1.2686E+00   8.7054E-01
     8   1.1703E+03   7.9810E-04   7.7924E+07   1.0899E+00   4.5440E+00   4.2981E-01   1.2686E+00   8.7054E-01
     9   8.3592E+02   1.1388E-03   1.5854E+08   1.0899E+00   4.5440E+00   4.2981E-01   1.2686E+00   8.7054E-01
    10   5.9708E+02   1.6380E-03   3.2820E+08   1.0899E+00   4.5440E+00   4.2981E-01   1.2686E+00   8.7054E-01
    11   4.2649E+02   2.3857E-03   6.9823E+08   1.0899E+00   4.5440E+00   4.2981E-01   1.2686E+00   8.7054E-01
    12   3.0463E+02   3.5454E-03   1.5544E+09   1.0899E+00   4.5440E+00   4.2981E-01   1.2686E+00   8.7054E-01
    13   2.2133E+02   5.3375E-03   3.5866E+09   1.0899E+00   4.5440E+00   4.2981E-01   1.2686E+00   8.7054E-01
    14   1.7795E+02   7.3096E-03   6.8869E+09   1.0899E+00   4.5440E+00   4.2981E-01   1.2686E+00   8.7054E-01
    15   1.5258E+02   9.4017E-03   1.1777E+10   1.0899E+00   4.5440E+00   4.2981E-01   1.2686E+00   8.7054E-01
    16   1.3656E+02   1.1577E-02   1.8650E+10   1.0899E+00   4.5440E+00   4.2981E-01   1.2686E+00   8.7054E-01
    17   1.2589E+02   1.3810E-02   2.8013E+10   1.0899E+00   4.5440E+00   4.2981E-01   1.2686E+00   8.7054E-01
    18   1.1852E+02   1.6087E-02   4.0532E+10   1.0899E+00   4.5440E+00   4.2981E-01   1.2686E+00   8.7054E-01
    19   1.1329E+02   1.8394E-02   5.7085E+10   1.0899E+00   4.5440E+00   4.2981E-01   1.2686E+00   8.7054E-01
    20   1.0950E+02   2.0724E-02   7.8824E+10   1.0899E+00   4.5440E+00   4.2981E-01   1.2686E+00   8.7054E-01
    21   1.0671E+02   2.3071E-02   1.0726E+11   1.0899E+00   4.5440E+00   4.2981E-01   1.2686E+00   8.7054E-01
    22   1.0464E+02   2.5429E-02   1.4433E+11   1.0899E+00   4.5440E+00   4.2981E-01   1.2686E+00   8.7054E-01
    23   1.0310E+02   2.7779E-02   1.9239E+11   1.0899E+00   4.5440E+00   4.2981E-01   1.2686E+00   8.7054E-01
    24   1.0197E+02   3.0066E-02   2.5393E+11   1.0899E+00   4.5440E+00   4.2981E-01   1.2686E+00   8.7054E-01
    25   1.0116E+02   3.2222E-02   3.3213E+11   1.0899E+00   4.5440E+00   4.2981E-01   1.2686E+00   8.7054E-01
    26   1.0058E+02   3.4233E-02   4.3260E+11   1.0899E+00   4.5440E+00   4.2981E-01   1.2686E+00   8.7054E-01
    27   1.0016E+02   3.6157E-02   5.6407E+11   1.0899E+00   4.5440E+00   4.2981E-01   1.2686E+00   8.7054E-01
    28   9.9832E+01   3.8081E-02   7.3822E+11   1.0899E+00   4.5440E+00   4.2981E-01   1.2686E+00   8.7054E-01
    29   9.9573E+01   4.0090E-02   9.7009E+11   1.0899E+00   4.5440E+00   4.2981E-01   1.2686E+00   8.7054E-01
    30   9.9361E+01   4.2267E-02   1.2792E+12   1.0899E+00   4.5440E+00   4.2981E-01   1.2686E+00   8.7054E-01
    31   9.8994E+01   4.8160E-02   2.3944E+12   1.0899E+00   4.5440E+00   4.2981E-01   1.2686E+00   8.7054E-01
    32   9.8756E+01   5.4273E-02   3.4213E+12   1.0931E+00   4.1919E+00   4.0836E-01   1.2018E+00   8.2710E-01
    33   9.8592E+01   5.9692E-02   4.0929E+12   1.0930E+00   4.1997E+00   4.1223E-01   1.2132E+00   8.3495E-01
    34   9.8419E+01   6.6562E-02   4.8952E+12   1.0930E+00   4.2096E+00   4.1667E-01   1.2263E+00   8.4393E-01
    35   9.8236E+01   7.5377E-02   5.8409E+12   1.0930E+00   4.2221E+00   4.2237E-01   1.2431E+00   8.5548E-01
    36   9.8038E+01   8.6921E-02   6.9660E+12   1.0929E+00   4.2384E+00   4.2780E-01   1.2592E+00   8.6648E-01
    37   9.7822E+01   1.0207E-01   8.3038E+12   1.0929E+00   4.2594E+00   4.3283E-01   1.2740E+00   8.7666E-01
    38   9.7588E+01   1.2193E-01   9.8948E+12   1.0929E+00   4.2866E+00   4.3727E-01   1.2871E+00   8.8566E-01
    39   9.7334E+01   1.4791E-01   1.1727E+13   1.0929E+00   4.3213E+00   4.4406E-01   1.3070E+00   8.9940E-01
    40   9.7042E+01   1.8370E-01   1.3865E+13   1.0929E+00   4.3678E+00   4.5053E-01   1.3261E+00   9.1252E-01
    41   9.6703E+01   2.3354E-01   1.6351E+13   1.0930E+00   4.4302E+00   4.5594E-01   1.3420E+00   9.2347E-01
    42   9.6311E+01   3.0240E-01   1.9281E+13   1.0930E+00   4.5123E+00   4.5951E-01   1.3524E+00   9.3070E-01
    43   9.5869E+01   3.9442E-01   2.2752E+13   1.0930E+00   4.6155E+00   4.6277E-01   1.3619E+00   9.3730E-01
    44   9.5369E+01   5.1796E-01   2.6752E+13   1.0931E+00   4.7439E+00   4.6498E-01   1.3683E+00   9.4178E-01
    45   9.4816E+01   6.7963E-01   3.1704E+13   1.0932E+00   4.8977E+00   4.6487E-01   1.3679E+00   9.4156E-01
    46   9.4247E+01   8.7671E-01   3.7502E+13   1.0933E+00   5.0675E+00   4.6480E-01   1.3676E+00   9.4142E-01
    47   9.3660E+01   1.1175E+00   4.4648E+13   1.0934E+00   5.2541E+00   4.6289E-01   1.3619E+00   9.3755E-01
    48   9.3089E+01   1.3955E+00   5.2991E+13   1.0934E+00   5.4475E+00   4.6306E-01   1.3623E+00   9.3790E-01
    49   9.2494E+01   1.7400E+00   6.3110E+13   1.0935E+00   5.6616E+00   4.6207E-01   1.3593E+00   9.3590E-01
    50   9.1894E+01   2.1526E+00   7.5755E+13   1.0936E+00   5.8898E+00   4.5906E-01   1.3504E+00   9.2980E-01
    51   9.1325E+01   2.6207E+00   9.1497E+13   1.0936E+00   6.1201E+00   4.5526E-01   1.3391E+00   9.2209E-01
    52   9.0791E+01   3.1468E+00   1.0969E+14   1.0937E+00   6.3513E+00   4.5598E-01   1.3412E+00   9.2355E-01
    53   9.0227E+01   3.8147E+00   1.3170E+14   1.0938E+00   6.6126E+00   4.5461E-01   1.3370E+00   9.2078E-01
    54   8.9661E+01   4.6190E+00   1.5939E+14   1.0939E+00   6.8910E+00   4.5181E-01   1.3287E+00   9.1511E-01
    55   8.9110E+01   5.5608E+00   1.9226E+14   1.0940E+00   7.1792E+00   4.5023E-01   1.3239E+00   9.1190E-01
    56   8.8556E+01   6.6991E+00   2.3264E+14   1.0940E+00   7.4867E+00   4.4943E-01   1.3215E+00   9.1029E-01
    57   8.7990E+01   8.1088E+00   2.8119E+14   1.0941E+00   7.8216E+00   4.4894E-01   1.3200E+00   9.0930E-01
    58   8.7404E+01   9.8684E+00   3.4058E+14   1.0942E+00   8.1871E+00   4.4725E-01   1.3149E+00   9.0587E-01
    59   8.6814E+01   1.2012E+01   4.1499E+14   1.0943E+00   8.5750E+00   4.4416E-01   1.3057E+00   8.9961E-01
    60   8.6234E+01   1.4566E+01   5.0494E+14   1.0943E+00   8.9775E+00   4.4432E-01   1.3061E+00   8.9993E-01
    61   8.5624E+01   1.7834E+01   6.1408E+14   1.0944E+00   9.4244E+00   4.4364E-01   1.3040E+00   8.9856E-01
    62   8.4993E+01   2.1948E+01   7.5028E+14   1.0945E+00   9.9095E+00   4.4202E-01   1.2992E+00   8.9528E-01
    63   8.4351E+01   2.7054E+01   9.2127E+14   1.0946E+00   1.0427E+01   4.3911E-01   1.2905E+00   8.8938E-01
    64   8.3711E+01   3.3278E+01   1.1320E+15   1.0946E+00   1.0968E+01   4.3905E-01   1.2903E+00   8.8926E-01
    65   8.3038E+01   4.1321E+01   1.3937E+15   1.0946E+00   1.1567E+01   4.3755E-01   1.2859E+00   8.8622E-01
    66   8.2348E+01   5.1462E+01   1.7288E+15   1.0946E+00   1.2210E+01   4.3449E-01   1.2769E+00   8.8002E-01
    67   8.1656E+01   6.3987E+01   2.1557E+15   1.0946E+00   1.2885E+01   4.3068E-01   1.2657E+00   8.7230E-01
    68   8.0971E+01   7.9401E+01   2.6820E+15   1.0946E+00   1.3593E+01   4.3049E-01   1.2652E+00   8.7193E-01
    69   8.0250E+01   9.9573E+01   3.3522E+15   1.0946E+00   1.4378E+01   4.2792E-01   1.2576E+00   8.6672E-01
    70   7.9518E+01   1.2498E+02   4.2634E+15   1.0946E+00   1.5213E+01   4.1463E-01   1.2185E+00   8.3980E-01
