!
! Note: The effective temperature and surface gravity are defined
! at the reference radius, which (except when using the old
! velocity) is the location where Tau=2/3.
!
! Effective temperature (10^4 K) is:    4.544000E+00
!      Log surface gravity (cgs) is:    3.600000E+00
!         Core radius (10^10 cm) is:    8.023671E+01
!    Reference radius (10^10 cm) is:    9.500000E+01
!              Luminosity (Lsun) is:    7.096903E+05
!            Mass (Msun) of star is:    2.707185E+01
!       Mass loss rate (Msun/yr) is:    1.000000E-06
!         Mean atomic mass (amu) is:    1.288270E+00
!            Eddington parameter is:    6.296237E-01
!                   Atom density is:    1.000000E+08
! Ratio of inner to outer radius is:   59.82298868
!
      60          !Number of depth points
!
!   R(10^10cm)       V(km/s)         Sigma           Tau     Index
 4800.00000000  2.350915E+03 -9.790132E-01  1.863742E-04         1
 4662.42152140  2.349467E+03 -9.786280E-01  1.920175E-04         2
 4373.94118226  2.346212E+03 -9.789254E-01  2.050170E-04         3
 3640.69961192  2.337886E+03 -9.752322E-01  2.474794E-04         4
 2804.22359912  2.320241E+03 -9.534655E-01  3.233075E-04         5
 2169.85402371  2.287440E+03 -9.532743E-01  4.204459E-04         6
 1683.79576729  2.264410E+03 -9.447798E-01  5.467696E-04         7
 1307.33775102  2.228616E+03 -9.103940E-01  7.110476E-04         8
 1016.73667599  2.171290E+03 -8.741292E-01  9.246833E-04         9
  793.82361843  2.099138E+03 -8.586236E-01  1.202506E-03        10
  623.28112172  2.028835E+03 -8.154102E-01  1.563802E-03        11
  491.12801106  1.930114E+03 -7.248390E-01  2.033649E-03        12
  389.54109040  1.794151E+03 -6.462646E-01  2.644663E-03        13
  312.49914358  1.651638E+03 -5.346999E-01  3.439257E-03        14
  252.92414373  1.477055E+03 -3.233346E-01  4.472588E-03        15
  207.82941462  1.263998E+03 -5.698519E-02  5.816386E-03        16
  174.02507025  1.044508E+03  3.276075E-01  7.563930E-03        17
  148.73045004  8.150257E+02  9.732756E-01  9.836528E-03        18
  130.21684247  5.912414E+02  2.103481E+00  1.279296E-02        19
  117.16226713  3.888436E+02  4.202297E+00  1.661226E-02        20
  109.86794053  2.557224E+02  7.403115E+00  2.046036E-02        21
  105.52478223  1.673921E+02  1.240658E+01  2.433727E-02        22
  102.90682906  1.102514E+02  2.030786E+01  2.813405E-02        23
  101.28782569  7.228841E+01  3.492420E+01  3.184868E-02        24
  100.36269317  4.741110E+01  5.906917E+01  3.516533E-02        25
   99.80316647  3.103080E+01  9.138582E+01  3.827998E-02        26
   99.41778985  2.010718E+01  1.329440E+02  4.162611E-02        27
   99.13653484  1.274562E+01  1.656031E+02  4.545362E-02        28
   98.91107780  8.775693E+00  1.580666E+02  5.001071E-02        29
   98.57017924  5.766369E+00  1.166583E+02  6.048089E-02        30
   98.17128523  3.928424E+00  9.008724E+01  7.890869E-02        31
   97.81467297  2.935497E+00  7.581699E+01  1.026656E-01        32
   97.46883921  2.298878E+00  6.404833E+01  1.335117E-01        33
   97.11921638  1.870853E+00  5.246337E+01  1.736256E-01        34
   96.75244667  1.567901E+00  4.290926E+01  2.257917E-01        35
   96.35703096  1.335323E+00  3.648276E+01  2.936313E-01        36
   95.92485861  1.143308E+00  3.162786E+01  3.818534E-01        37
   95.44989732  9.875306E-01  2.777518E+01  4.965820E-01        38
   94.92431442  8.486640E-01  2.598925E+01  6.457810E-01        39
   94.34672188  7.238414E-01  2.510287E+01  8.398072E-01        40
   93.71732871  6.086621E-01  2.504917E+01  1.092129E+00        41
   93.04266604  5.045169E-01  2.485088E+01  1.420261E+00        42
   92.32787891  4.150695E-01  2.513677E+01  1.846981E+00        43
   91.57809843  3.329770E-01  2.696631E+01  2.401911E+00        44
   90.81299552  2.612698E-01  2.763213E+01  3.123569E+00        45
   90.04182041  2.065646E-01  2.711061E+01  4.062052E+00        46
   89.26215723  1.613687E-01  2.770501E+01  5.282503E+00        47
   88.48175322  1.256169E-01  2.727294E+01  6.869642E+00        48
   87.70136033  9.871994E-02  2.633944E+01  8.933639E+00        49
   86.91394867  7.742086E-02  2.625216E+01  1.161777E+01        50
   86.12370322  6.043717E-02  2.567318E+01  1.510835E+01        51
   85.33081510  4.780266E-02  2.444240E+01  1.964768E+01        52
   84.52700319  3.771651E-02  2.425196E+01  2.555087E+01        53
   83.71540402  2.962091E-02  2.376455E+01  3.322768E+01        54
   82.89797534  2.345649E-02  2.303160E+01  4.321100E+01        55
   82.06898252  1.844270E-02  2.321409E+01  5.619382E+01        56
   81.22015875  1.435111E-02  2.284971E+01  7.341717E+01        57
   80.62984104  1.211232E-02  2.205267E+01  8.840580E+01        58
   80.33398554  1.113663E-02  2.227373E+01  9.700663E+01        59
   80.23671344  1.082508E-02  2.256636E+01  1.000000E+02        60
